# 60-seed bench (vehicle_count=1, w=zero)
# n_seeds=60

seed	crashed	total_cost	distance_cost	delay_cost	earliness_cost	overtime_cost	km_driven	final_tau	decisions	unserved_in_window	unserved_overdue	mid_arc_park_violations	duplicate_assignment_transitions	earliness_bin_violations	congestion_shorten_violations	congestion_book_size_at_end	congestion_book_expired_at_end	negative_cost_component_violations	money_without_counter_violations
0	0	873.162094	132.533452	502.125230	238.503412	0	132.533452	754.517685	118	0	0	0	0	0	0	74	0	0	0
1	0	629.401219	125.034350	319.070788	185.296082	0	125.034350	694.085314	110	0	0	0	0	0	0	112	0	0	0
2	0	3572.391121	229.032371	2891.450048	145.242035	306.666667	229.032371	1148	176	0	3	0	0	0	0	107	0	0	0
3	0	5156.121565	328.262175	4361.508111	159.684612	306.666667	328.262175	1148	184	0	7	0	0	0	0	75	0	0	0
4	0	4988.306637	337.981725	4219	124.658246	306.666667	337.981725	1148	162	0	7	0	0	0	0	100	0	0	0
5	0	503.329192	135.365704	257.954637	110.008851	0	135.365704	666.490431	95	0	0	0	0	0	0	75	0	0	0
6	0	4387.007786	252.904630	3675.655379	151.781110	306.666667	252.904630	1148	178	0	6	0	0	0	0	75	0	0	0
7	0	3552.458292	302.125100	2780.155414	163.511111	306.666667	302.125100	1148	174	0	4	0	0	0	0	108	0	0	0
8	0	270.342751	98.542199	63.441921	108.358631	0	98.542199	643.196823	85	0	0	0	0	0	0	53	0	0	0
9	0	2390.101669	284.075828	1577.330438	222.028737	306.666667	284.075828	1148	168	0	3	0	0	0	0	105	0	0	0
10	0	1310.354479	183.133186	874.793907	179.375350	73.052035	183.133186	867.662443	127	0	0	0	0	0	0	0	0	0	0
11	0	2733.161631	290.800438	1887.307155	267.051620	288.002417	290.800438	1125.602900	180	0	0	0	0	0	0	0	0	0	0
12	0	2851.945601	277.471661	2032.124775	235.682499	306.666667	277.471661	1148	174	0	3	0	0	0	0	58	0	0	0
13	0	3551.249463	234.778375	2804.097634	205.706787	306.666667	234.778375	1148	188	0	4	0	0	0	0	105	0	0	0
14	0	2689.053992	134.800522	2327.376304	171.016377	55.860789	134.800522	847.032947	137	0	0	0	0	0	0	58	0	0	0
15	0	313.298902	93.678847	88.101918	131.518137	0	93.678847	637.468795	86	0	0	0	0	0	0	85	0	0	0
16	0	2789.532989	277.386191	2024.435120	181.045011	306.666667	277.386191	1148	170	0	3	0	0	0	0	85	0	0	0
17	0	6058.797472	240.396500	5368.295919	143.438386	306.666667	240.396500	1148	178	0	6	0	0	0	0	67	0	0	0
18	0	1525.560795	141.662152	1135.681127	224.638496	23.579019	141.662152	808.294823	123	0	0	0	0	0	0	85	0	0	0
19	0	3221.739485	258.472755	2538.202185	118.397878	306.666667	258.472755	1148	170	0	4	0	0	0	0	75	0	0	0
20	0	3451.354391	246.721958	2716.410341	181.555424	306.666667	246.721958	1148	174	0	2	0	0	0	0	85	0	0	0
21	0	2600.337017	235.106164	1842.930971	215.633214	306.666667	235.106164	1148	178	0	3	0	0	0	0	78	0	0	0
22	0	2505.351459	287.248805	1861.450102	96.819193	259.833359	287.248805	1091.800030	162	0	0	0	0	0	0	0	0	0	0
23	0	1438.719303	136.691263	1077.923297	221.677009	2.427735	136.691263	782.913282	127	0	0	0	0	0	0	100	0	0	0
24	0	3870.854126	265.832477	3022.988519	275.366464	306.666667	265.832477	1148	188	0	2	0	0	0	0	40	0	0	0
25	0	1452.158990	169.463253	1068.241598	142.673153	71.780987	169.463253	866.137184	139	0	0	0	0	0	0	0	0	0	0
26	0	486.791386	99.300936	244.779444	142.711006	0	99.300936	677.799091	89	0	0	0	0	0	0	75	0	0	0
27	0	4748.027033	266.145400	3974.232143	200.982824	306.666667	266.145400	1148	180	0	6	0	0	0	0	73	0	0	0
28	0	3647.257732	222.341878	3027.390732	90.858455	306.666667	222.341878	1148	162	0	5	0	0	0	0	112	0	0	0
29	0	1011.666361	102.018397	733.948298	175.699667	0	102.018397	657.706467	98	0	0	0	0	0	0	0	0	0	0
30	0	5576.599200	224.790819	4854.346754	190.794960	306.666667	224.790819	1148	184	0	5	0	0	0	0	105	0	0	0
31	0	2997.618137	264.042524	2290.845961	136.062986	306.666667	264.042524	1148	172	0	3	0	0	0	0	70	0	0	0
32	0	3192.562128	261.354142	2461.067706	163.473612	306.666667	261.354142	1148	182	0	3	0	0	0	0	75	0	0	0
33	0	4070.427569	253.220097	3415.753275	94.787531	306.666667	253.220097	1148	174	0	5	0	0	0	0	58	0	0	0
34	0	3182.558887	245.937428	2414.429558	215.525234	306.666667	245.937428	1148	172	0	4	0	0	0	0	105	0	0	0
35	0	3240.347823	243.344081	2595.872959	94.464116	306.666667	243.344081	1148	164	0	4	0	0	0	0	27	0	0	0
36	0	4576.556581	265.974069	3913.695941	90.219905	306.666667	265.974069	1148	164	0	4	0	0	0	0	100	0	0	0
37	0	5042.848864	279.228692	4313.981575	142.971930	306.666667	279.228692	1148	176	0	6	0	0	0	0	115	0	0	0
38	0	3039.889448	268.092681	2255.458199	209.671901	306.666667	268.092681	1148	186	0	3	0	0	0	0	27	0	0	0
39	0	3120.194582	264.509859	2365.674618	183.343438	306.666667	264.509859	1148	176	0	3	0	0	0	0	74	0	0	0
40	0	2888.433452	336.669074	2102	143.097712	306.666667	336.669074	1148	166	0	3	0	0	0	0	105	0	0	0
41	0	392.373512	83.837655	81.733992	226.801866	0	83.837655	588.855832	80	0	0	0	0	0	0	27	0	0	0
42	0	2599.906901	258.656105	1840.773600	193.810530	306.666667	258.656105	1148	178	0	3	0	0	0	0	105	0	0	0
43	0	2226.506717	198.985351	1577.351761	235.181408	214.988197	198.985351	1037.985837	165	0	0	0	0	0	0	105	0	0	0
44	0	4429.383143	288.278910	3648.607107	185.830460	306.666667	288.278910	1148	184	0	4	0	0	0	0	95	0	0	0
45	0	4441.753662	242.264904	3765.129943	127.692148	306.666667	242.264904	1148	166	0	6	0	0	0	0	115	0	0	0
46	0	2330.418629	312.037435	1584.238331	127.476195	306.666667	312.037435	1148	170	0	3	0	0	0	0	0	0	0	0
47	0	1690.929426	150.149717	1294.202181	175.960607	70.616921	150.149717	864.740305	130	0	0	0	0	0	0	0	0	0	0
48	0	3912.337141	244.741247	3178.728633	182.200595	306.666667	244.741247	1148	168	0	5	0	0	0	0	100	0	0	0
49	0	2224.670936	183.108723	1799.310444	109.594925	132.656843	183.108723	939.188212	153	0	0	0	0	0	0	105	0	0	0
50	0	4704.021912	272.786403	4060.156670	64.412172	306.666667	272.786403	1148	172	0	6	0	0	0	0	105	0	0	0
51	0	2781.157023	203.902448	2093.965509	176.622399	306.666667	203.902448	1148	170	0	3	0	0	0	0	78	0	0	0
52	0	1345.738492	150.316143	1021.381168	117.371145	56.670037	150.316143	848.004045	126	0	0	0	0	0	0	75	0	0	0
53	0	3320.339238	250.329778	2673.352631	89.990162	306.666667	250.329778	1148	174	0	4	0	0	0	0	108	0	0	0
54	0	3383.930876	281.069530	2670	126.194679	306.666667	281.069530	1148	166	0	4	0	0	0	0	58	0	0	0
55	0	3004.697112	231.289507	2302.510490	170.251266	300.645849	231.289507	1140.775019	188	0	0	0	0	0	0	0	0	0	0
56	0	305.224147	62.808174	65.050747	177.365226	0	62.808174	571.689190	79	0	0	0	0	0	0	95	0	0	0
57	0	2986.790694	264.986177	2199.947565	215.190286	306.666667	264.986177	1148	176	0	4	0	0	0	0	70	0	0	0
58	0	3362.366255	281.800671	2642.584672	131.314246	306.666667	281.800671	1148	170	0	3	0	0	0	0	78	0	0	0
59	0	2773.680250	247.683967	2111.410534	107.919082	306.666667	247.683967	1148	166	0	3	0	0	0	0	108	0	0	0

# aggregate (N=60, crashed=0)
mean_total_cost	2862.068295
mean_distance_cost	225.091750
mean_delay_cost	2248.199433
mean_earliness_cost	163.608542
mean_overtime_cost	225.168570
mean_km_driven	225.091750
mean_final_tau	1031.399111
mean_decisions	156.283333
unserved_in_window	episodes=0/60	clients=0
unserved_overdue	episodes=39/60	clients=159
B1a_B1b_mid_arc_park	episodes=0/60	events=0	per_episode=0.000
B11_duplicate_assignment	episodes=0/60	transitions=0
B10_earliness_bin_partition	episodes=0/60	decisions=0
B7_congestion_shorten	episodes=0/60	writes=0
B17_book_purge	final_book_size_total=4353	expired_at_end_total=0
B14_money_without_counter	episodes=0/60	violations=0
B15_negative_cost_component	episodes=0/60	violations=0
B3_termination_charge_clock_independence	NOT_DIRECTLY_COUNTABLE	see unserved_in_window above (that demand is what B3 prices at zero pre-fix)

# structural checks (independent of seed)
B9_spread_wrong_depth	count=0	reached_total=675	pct=0.00
B9_spread_missed_entirely	count=0	genuinely_reachable_total=675	pct=0.00
B16_cadence_duration_30	fires_shipped=29	fires_intended=29	match
B16_cadence_duration_45	fires_shipped=9	fires_intended=9	match
B16_cadence_duration_50	fires_shipped=1	fires_intended=17	MISMATCH
B16_cadence_duration_60	fires_shipped=15	fires_intended=15	match
B16_cadence_duration_70	fires_shipped=2	fires_intended=12	MISMATCH
B16_cadence_duration_90	fires_shipped=9	fires_intended=9	match
B16_cadence_duration_120	fires_shipped=8	fires_intended=8	match
B16_cadence_duration_150	fires_shipped=5	fires_intended=5	match
B16_cadence_duration_180	fires_shipped=5	fires_intended=5	match
B16_cadence_duration_200	fires_shipped=1	fires_intended=4	MISMATCH
B16_cadence_duration_240	fires_shipped=4	fires_intended=4	match
