# 60-seed bench (vehicle_count=1, w=zero)
# n_seeds=60

seed	crashed	total_cost	distance_cost	delay_cost	earliness_cost	overtime_cost	km_driven	final_tau	decisions	unserved_in_window	unserved_overdue	mid_arc_park_violations	duplicate_assignment_transitions	earliness_bin_violations	congestion_shorten_violations	congestion_book_size_at_end	congestion_book_expired_at_end	negative_cost_component_violations	money_without_counter_violations
0	0	833.380198	132.533452	462.343334	238.503412	0	132.533452	740.897430	116	0	0	0	0	105	0	74	0	0	0
1	0	511.509956	83.867761	242.346113	185.296082	0	83.867761	566	80	3	1	1	0	80	0	106	0	0	0
2	0	2850.705301	199.776135	2505.687130	145.242035	0	199.776135	1016	151	0	5	1	0	151	0	0	0	0	0
3	0	898.472149	72.697708	664.870877	160.903564	0	72.697708	566	82	7	3	1	0	82	0	67	0	0	0
4	0	5165.291213	333.927032	4379	145.697515	306.666667	333.927032	1148	162	0	7	0	0	162	0	97	0	0	2
5	0	503.329192	135.365704	257.954637	110.008851	0	135.365704	666.490431	95	0	0	0	0	88	0	72	0	0	0
6	0	4290.741426	246.644671	3585.648978	151.781110	306.666667	246.644671	1148	180	0	5	0	0	180	0	72	0	0	1
7	0	1801.666297	203.956854	1434.198332	163.511111	0	203.956854	878	128	0	5	1	0	128	0	27	0	0	0
8	0	266.549300	98.542199	58.354061	109.653039	0	98.542199	635.974409	84	0	0	0	0	76	0	53	0	0	0
9	0	188.833302	16.328280	0	172.505022	0	16.328280	398	32	9	0	1	0	32	0	72	0	0	0
10	0	716.717677	111.328846	424.192080	181.196751	0	111.328846	698	90	1	3	1	0	90	0	73	0	0	0
11	0	443.661077	84.169826	85.395484	274.095767	0	84.169826	608.088726	94	0	0	0	0	88	0	27	0	0	0
12	0	1416.542052	173.014529	1007.723266	235.804257	0	173.014529	878	128	0	4	1	0	128	0	0	0	0	0
13	0	3543.249463	234.778375	2796.097634	205.706787	306.666667	234.778375	1148	188	0	4	0	0	188	0	99	0	0	1
14	0	63.857491	8.753121	0	55.104371	0	8.753121	356	17	19	0	1	0	17	0	72	0	0	0
15	0	2536.534973	278.339866	1845.503008	119.012157	293.679943	278.339866	1132.415931	169	0	0	0	0	162	0	27	0	0	0
16	0	3241.844423	283.539938	2445.250202	206.387616	306.666667	283.539938	1148	170	0	3	0	0	170	0	79	0	0	1
17	0	3693.244401	137.814028	3411.989049	143.441324	0	137.814028	824	125	0	6	1	0	125	0	27	0	0	0
18	0	610.823037	68.399014	285.911236	256.512787	0	68.399014	539.758548	78	0	0	0	0	72	0	0	0	0	0
19	0	294.770699	53.734137	141.192418	99.844143	0	53.734137	506	56	7	1	1	0	56	0	27	0	0	0
20	0	1970.577077	159.942961	1525.588969	181.721823	103.323324	159.942961	903.987989	139	0	0	0	0	133	0	105	0	0	0
21	0	1254.589429	138.025243	900.930971	215.633214	0	138.025243	836	127	0	3	1	0	127	0	72	0	0	0
22	0	323.198060	96.450651	120.125616	106.621793	0	96.450651	623.652061	84	0	0	0	0	78	0	0	0	0	0
23	0	1438.719303	136.691263	1077.923297	221.677009	2.427735	136.691263	782.913282	127	0	0	0	0	123	0	94	0	0	0
24	0	3598.571715	234.995746	2780.174350	276.734953	306.666667	234.995746	1148	186	0	3	0	0	186	0	35	0	0	1
25	0	1229.371650	116.991201	970.028141	142.352308	0	116.991201	740	111	0	3	1	0	111	0	27	0	0	0
26	0	482.371859	99.300936	239.746404	143.324519	0	99.300936	675.584855	89	0	0	0	0	81	0	72	0	0	0
27	0	4130.302134	253.090293	3369.321060	201.224114	306.666667	253.090293	1148	186	0	3	0	0	186	0	73	0	0	1
28	0	3367.634615	214.924865	2755.184629	90.858455	306.666667	214.924865	1148	164	0	4	0	0	164	0	106	0	0	1
29	0	770.079541	48.807096	526.367470	194.904975	0	48.807096	560	75	1	2	1	0	75	0	0	0	0	0
30	0	102.858601	8.689272	1	93.169329	0	8.689272	362	20	21	1	1	0	20	0	73	0	0	1
31	0	3282.134961	260.468319	2578.936990	136.062986	306.666667	260.468319	1148	172	0	3	0	0	172	0	67	0	0	1
32	0	3271.391249	265.565534	2526.476106	172.682941	306.666667	265.565534	1148	182	0	3	0	0	182	0	72	0	0	1
33	0	3904.219564	261.184968	3239.001143	97.366786	306.666667	261.184968	1148	174	0	5	0	0	174	0	52	0	0	1
34	0	3159.251298	241.126113	2394.199593	217.258925	306.666667	241.126113	1148	172	0	4	0	0	172	0	99	0	0	1
35	0	52.846481	9.101111	0	43.745370	0	9.101111	362	20	11	0	1	0	20	0	67	0	0	0
36	0	4568.556581	265.974069	3905.695941	90.219905	306.666667	265.974069	1148	164	0	4	0	0	164	0	94	0	0	1
37	0	374.075389	34.482941	200.387313	139.205135	0	34.482941	440	43	11	3	1	0	43	0	52	0	0	0
38	0	2977.180898	265.573094	2195.269235	209.671901	306.666667	265.573094	1148	186	0	3	0	0	186	0	27	0	0	1
39	0	3123.276469	273.416021	2359.794381	183.399401	306.666667	273.416021	1148	176	0	3	0	0	176	0	74	0	0	1
40	0	2882.433452	336.669074	2096	143.097712	306.666667	336.669074	1148	166	0	3	0	0	166	0	102	0	0	2
41	0	392.323091	83.837655	81.132633	227.352803	0	83.837655	588.679074	80	0	0	0	0	73	0	27	0	0	0
42	0	2589.655399	273.190392	1821.382585	188.415756	306.666667	273.190392	1148	178	0	3	0	0	178	0	99	0	0	1
43	0	1583.980452	159.025387	1184.915607	240.039459	0	159.025387	860	129	0	3	1	0	129	0	67	0	0	0
44	0	4006.234618	288.569648	3229.015723	181.982581	306.666667	288.569648	1148	184	0	4	0	0	184	0	89	0	0	1
45	0	4429.079571	241.598290	3752.925336	127.889278	306.666667	241.598290	1148	166	0	6	0	0	166	0	112	0	0	1
46	0	2324.418629	312.037435	1578.238331	127.476195	306.666667	312.037435	1148	170	0	3	0	0	170	0	0	0	0	1
47	0	1983.968129	177.110166	1514.692893	176.079317	116.085752	177.110166	919.302903	139	0	0	0	0	133	0	74	0	0	0
48	0	3902.337141	244.741247	3168.728633	182.200595	306.666667	244.741247	1148	168	0	5	0	0	168	0	97	0	0	1
49	0	1929.093685	156.749683	1602.069678	106.670753	63.603572	156.749683	856.324287	139	0	0	0	0	131	0	73	0	0	0
50	0	4692.021912	272.786403	4048.156670	64.412172	306.666667	272.786403	1148	172	0	6	0	0	172	0	99	0	0	1
51	0	1711.734165	194.671431	1340.440335	176.622399	0	194.671431	1058	156	0	3	1	0	156	0	99	0	0	0
52	0	1226.911552	139.112978	945.577690	114.908060	27.312824	139.112978	812.775389	120	0	0	0	0	109	0	93	0	0	0
53	0	162.098857	34.795633	64	63.303224	0	34.795633	428	37	11	2	1	0	37	0	78	0	0	1
54	0	291.364261	36.203033	163	92.161228	0	36.203033	452	45	5	2	1	0	45	0	99	0	0	1
55	0	1673.093450	116.001700	1386.696851	170.394899	0	116.001700	812	129	0	2	1	0	129	0	105	0	0	0
56	0	305.119307	62.808174	64.347924	177.963209	0	62.808174	571.098627	79	0	0	0	0	75	0	89	0	0	0
57	0	118.589967	23.586426	0	95.003541	0	23.586426	380	23	17	0	1	0	23	0	76	0	0	0
58	0	3147.160900	303.516372	2400.473198	136.504663	306.666667	303.516372	1148	170	0	3	0	0	170	0	78	0	0	1
59	0	345.558972	73.931044	171	100.627928	0	73.931044	512	57	1	4	1	0	57	0	27	0	0	1

# aggregate (N=60, crashed=0)
mean_total_cost	1949.168467
mean_distance_cost	164.554256
mean_delay_cost	1505.210059
mean_earliness_cost	156.852489
mean_overtime_cost	122.551664
mean_km_driven	164.554256
mean_final_tau	846.699066
mean_decisions	122.150000
unserved_in_window	episodes=14/60	clients=124
unserved_overdue	episodes=41/60	clients=143
B1a_B1b_mid_arc_park	episodes=23/60	events=23	per_episode=0.383
B11_duplicate_assignment	episodes=0/60	transitions=0
B10_earliness_bin_partition	episodes=60/60	decisions=7224
B7_congestion_shorten	episodes=0/60	writes=0
B17_book_purge	final_book_size_total=3915	expired_at_end_total=0
B14_money_without_counter	episodes=26/60	violations=28
B15_negative_cost_component	episodes=0/60	violations=0
B3_termination_charge_clock_independence	NOT_DIRECTLY_COUNTABLE	see unserved_in_window above (that demand is what B3 prices at zero pre-fix)

# structural checks (independent of seed)
B9_spread_wrong_depth	count=38	reached_total=635	pct=5.98
B9_spread_missed_entirely	count=40	genuinely_reachable_total=675	pct=5.93
B16_cadence_duration_30	fires_shipped=29	fires_intended=29	match
B16_cadence_duration_45	fires_shipped=9	fires_intended=9	match
B16_cadence_duration_50	fires_shipped=1	fires_intended=17	MISMATCH
B16_cadence_duration_60	fires_shipped=15	fires_intended=15	match
B16_cadence_duration_70	fires_shipped=2	fires_intended=12	MISMATCH
B16_cadence_duration_90	fires_shipped=9	fires_intended=9	match
B16_cadence_duration_120	fires_shipped=8	fires_intended=8	match
B16_cadence_duration_150	fires_shipped=5	fires_intended=5	match
B16_cadence_duration_180	fires_shipped=5	fires_intended=5	match
B16_cadence_duration_200	fires_shipped=1	fires_intended=4	MISMATCH
B16_cadence_duration_240	fires_shipped=4	fires_intended=4	match
