# 60-seed bench (vehicle_count=None, w=frozen)
# n_seeds=60

seed	crashed	total_cost	distance_cost	delay_cost	earliness_cost	overtime_cost	km_driven	final_tau	decisions	unserved_in_window	unserved_overdue	mid_arc_park_violations	duplicate_assignment_transitions	earliness_bin_violations	congestion_shorten_violations	congestion_book_size_at_end	congestion_book_expired_at_end	negative_cost_component_violations	money_without_counter_violations
0	0	521.048148	175.255318	0	345.792830	0	175.255318	429.055437	68	0	0	0	0	0	0	27	0	0	0
1	0	560.555719	228.597993	0	331.957726	0	228.597993	431.444032	71	0	0	0	0	0	0	0	0	0	0
2	0	570.315274	174.281624	0	396.033650	0	174.281624	485.732167	77	0	0	0	0	0	0	75	0	0	0
3	0	665.948219	241.594509	0	424.353710	0	241.594509	485.814886	95	0	0	0	0	0	0	0	0	0	0
4	0	456.423719	196.829334	18.969533	240.624853	0	196.829334	498.640083	73	0	0	0	0	0	0	67	0	0	0
5	0	386.056093	139.375289	0	246.680803	0	139.375289	433.219270	59	0	0	0	0	0	0	75	0	0	0
6	0	524.020972	185.532578	0	338.488393	0	185.532578	469.603582	83	0	0	0	0	0	0	78	0	0	0
7	0	537.533329	185.627056	0	351.906273	0	185.627056	416.606627	66	0	0	0	0	0	0	0	0	0	0
8	0	359.702217	165.535465	0	194.166752	0	165.535465	448.683785	56	0	0	0	0	0	0	74	0	0	0
9	0	472.278876	124.858507	0	347.420369	0	124.858507	424.726393	58	0	0	0	0	0	0	78	0	0	0
10	0	392.980095	110.101152	0	282.878943	0	110.101152	456.866847	61	0	0	0	0	0	0	78	0	0	0
11	0	565.709803	135.148120	0	430.561683	0	135.148120	406.216179	64	0	0	0	0	0	0	0	0	0	0
12	0	525.192588	119.073990	0	406.118598	0	119.073990	405.882849	62	0	0	0	0	0	0	0	0	0	0
13	0	611.663896	257.364687	0	354.299210	0	257.364687	540.797262	102	0	0	0	0	0	0	0	0	0	0
14	0	489.450008	150.968809	0	338.481199	0	150.968809	414.294968	70	0	0	0	0	0	0	0	0	0	0
15	0	359.668665	139.267933	0	220.400732	0	139.267933	413.398008	52	0	0	0	0	0	0	0	0	0	0
16	0	485.891233	171.795007	0	314.096227	0	171.795007	410.828592	59	0	0	0	0	0	0	0	0	0	0
17	0	559.052998	142.307704	0	416.745294	0	142.307704	416.602474	75	0	0	0	0	0	0	0	0	0	0
18	0	512.287678	136.575394	58.193311	317.518973	0	136.575394	457.497847	68	0	0	0	0	0	0	100	0	0	0
19	0	401.493007	159.876212	0	241.616795	0	159.876212	468.393931	70	0	0	0	0	0	0	27	0	0	0
20	0	411.341295	161.024077	0	250.317218	0	161.024077	456.225228	68	0	0	0	0	0	0	70	0	0	0
21	0	537.464352	174.904584	0	362.559768	0	174.904584	411.603516	68	0	0	0	0	0	0	0	0	0	0
22	0	300.782268	109.691006	0	191.091262	0	109.691006	475.095200	62	0	0	0	0	0	0	67	0	0	0
23	0	567.194920	207.861598	0	359.333322	0	207.861598	421.993047	71	0	0	0	0	0	0	0	0	0	0
24	0	691.345513	206.776651	15.171669	469.397194	0	206.776651	417.710043	78	0	0	0	0	0	0	0	0	0	0
25	0	430.882353	137.436838	0	293.445515	0	137.436838	415.779151	68	0	0	0	0	0	0	58	0	0	0
26	0	334.805760	129.522316	0	205.283445	0	129.522316	496.730632	61	0	0	0	0	0	0	85	0	0	0
27	0	627.336215	254.730335	34.226052	338.379828	0	254.730335	507.969806	93	0	0	0	0	0	0	0	0	0	0
28	0	359.852468	103.942734	0	255.909734	0	103.942734	413.199176	54	0	0	0	0	0	0	0	0	0	0
29	0	415.723433	102.573978	0	313.149454	0	102.573978	429.777528	64	0	0	0	0	0	0	105	0	0	0
30	0	567.896340	212.708230	0	355.188110	0	212.708230	439.467468	83	0	0	0	0	0	0	112	0	0	0
31	0	496.321854	158.006903	0	338.314951	0	158.006903	448.737344	67	0	0	0	0	0	0	100	0	0	0
32	0	491.797746	215.170669	0	276.627077	0	215.170669	458.222697	80	0	0	0	0	0	0	74	0	0	0
33	0	526.923334	204.477637	0	322.445697	0	204.477637	422.471959	70	0	0	0	0	0	0	95	0	0	0
34	0	478.026123	145.773112	5.520846	326.732165	0	145.773112	430.750301	66	0	0	0	0	0	0	105	0	0	0
35	0	288.956794	132.231509	0	156.725285	0	132.231509	429.058986	57	0	0	0	0	0	0	85	0	0	0
36	0	329.894939	134.281000	0	195.613939	0	134.281000	462.383603	62	0	0	0	0	0	0	112	0	0	0
37	0	537.497676	214.748538	0	322.749138	0	214.748538	416.569497	73	0	0	0	0	0	0	0	0	0	0
38	0	639.368229	179.793707	0	459.574522	0	179.793707	384.487892	72	0	0	0	0	0	0	27	0	0	0
39	0	469.413087	150.703493	0	318.709594	0	150.703493	456.669457	72	0	0	0	0	0	0	78	0	0	0
40	0	313.050758	123.909509	0	189.141249	0	123.909509	397.863576	51	0	0	0	0	0	0	0	0	0	0
41	0	438.975872	119.713196	0	319.262676	0	119.713196	486.478364	66	0	0	0	0	0	0	27	0	0	0
42	0	568.406142	159.823697	0	408.582446	0	159.823697	457.220076	75	0	0	0	0	0	0	103	0	0	0
43	0	537.640169	154.090789	0	383.549380	0	154.090789	479.550322	76	0	0	0	0	0	0	85	0	0	0
44	0	663.118325	229.465760	0	433.652565	0	229.465760	510.221010	93	0	0	0	0	0	0	0	0	0	0
45	0	473.885039	243.742761	0	230.142278	0	243.742761	526.570675	80	0	0	0	0	0	0	0	0	0	0
46	0	380.542098	129.977117	0	250.564981	0	129.977117	412.579854	59	0	0	0	0	0	0	0	0	0	0
47	0	437.681894	171.920708	16.418157	249.343030	0	171.920708	475.173527	69	0	0	0	0	0	0	75	0	0	0
48	0	459.494565	157.699171	0	301.795394	0	157.699171	443.188782	66	0	0	0	0	0	0	102	0	0	0
49	0	490.774295	178.800378	0	311.973917	0	178.800378	449.048083	76	0	0	0	0	0	0	105	0	0	0
50	0	503.587099	197.519143	0	306.067956	0	197.519143	460.523248	76	0	0	0	0	0	0	75	0	0	0
51	0	451.652515	148.060063	0	303.592451	0	148.060063	415.628167	59	0	0	0	0	0	0	0	0	0	0
52	0	310.517442	134.741991	0	175.775451	0	134.741991	409.338762	55	0	0	0	0	0	0	0	0	0	0
53	0	490.610636	168.355756	1.959229	320.295651	0	168.355756	419.988220	66	0	0	0	0	0	0	0	0	0	0
54	0	325.776262	112.752823	0	213.023439	0	112.752823	418.882723	57	0	0	0	0	0	0	0	0	0	0
55	0	546.119737	233.173773	0	312.945964	0	233.173773	478.563990	83	0	0	0	0	0	0	100	0	0	0
56	0	358.539378	117.055722	0	241.483656	0	117.055722	421.426410	57	0	0	0	0	0	0	0	0	0	0
57	0	627.884822	163.647489	0	464.237332	0	163.647489	439.359711	72	0	0	0	0	0	0	100	0	0	0
58	0	387.428544	145.374238	3.708108	238.346198	0	145.374238	432.282326	62	0	0	0	0	0	0	70	0	0	0
59	0	254.971016	84.474958	0	170.496058	0	84.474958	407.924750	53	0	0	0	0	0	0	0	0	0	0

# aggregate (N=60, crashed=0)
mean_total_cost	474.679231
mean_distance_cost	164.177077
mean_delay_cost	2.569448
mean_earliness_cost	307.932705
mean_overtime_cost	0.000000
mean_km_driven	164.177077
mean_final_tau	444.183672
mean_decisions	68.816667
unserved_in_window	episodes=0/60	clients=0
unserved_overdue	episodes=0/60	clients=0
B1a_B1b_mid_arc_park	episodes=0/60	events=0	per_episode=0.000
B11_duplicate_assignment	episodes=0/60	transitions=0
B10_earliness_bin_partition	episodes=0/60	decisions=0
B7_congestion_shorten	episodes=0/60	writes=0
B17_book_purge	final_book_size_total=2694	expired_at_end_total=0
B14_money_without_counter	episodes=0/60	violations=0
B15_negative_cost_component	episodes=0/60	violations=0
B3_termination_charge_clock_independence	NOT_DIRECTLY_COUNTABLE	see unserved_in_window above (that demand is what B3 prices at zero pre-fix)

# structural checks (independent of seed)
B9_spread_wrong_depth	count=0	reached_total=675	pct=0.00
B9_spread_missed_entirely	count=0	genuinely_reachable_total=675	pct=0.00
B16_cadence_duration_30	fires_shipped=29	fires_intended=29	match
B16_cadence_duration_45	fires_shipped=9	fires_intended=9	match
B16_cadence_duration_50	fires_shipped=1	fires_intended=17	MISMATCH
B16_cadence_duration_60	fires_shipped=15	fires_intended=15	match
B16_cadence_duration_70	fires_shipped=2	fires_intended=12	MISMATCH
B16_cadence_duration_90	fires_shipped=9	fires_intended=9	match
B16_cadence_duration_120	fires_shipped=8	fires_intended=8	match
B16_cadence_duration_150	fires_shipped=5	fires_intended=5	match
B16_cadence_duration_180	fires_shipped=5	fires_intended=5	match
B16_cadence_duration_200	fires_shipped=1	fires_intended=4	MISMATCH
B16_cadence_duration_240	fires_shipped=4	fires_intended=4	match
