# 60-seed bench (vehicle_count=None, w=zero)
# n_seeds=60

seed	crashed	total_cost	distance_cost	delay_cost	earliness_cost	overtime_cost	km_driven	final_tau	decisions	unserved_in_window	unserved_overdue	mid_arc_park_violations	duplicate_assignment_transitions	earliness_bin_violations	congestion_shorten_violations	congestion_book_size_at_end	congestion_book_expired_at_end	negative_cost_component_violations	money_without_counter_violations
0	0	529.499659	182.492088	0	347.007570	0	182.492088	427.508329	67	0	0	0	1	53	0	27	0	0	0
1	0	575.147376	237.791855	0	337.355520	0	237.791855	457.742447	75	0	0	0	10	61	0	0	0	0	0
2	0	572.899543	211.491968	0	361.407575	0	211.491968	516.087289	81	0	0	1	2	71	0	64	0	0	0
3	0	718.940799	266.570496	0.404521	451.965782	0	266.570496	459.072467	90	0	0	1	2	74	0	27	0	0	0
4	0	516.396254	201.137736	77.311798	237.946719	0	201.137736	518.292405	76	0	0	1	5	52	0	30	0	0	0
5	0	401.936005	134.329610	0	267.606395	0	134.329610	419.230011	57	0	0	0	5	43	0	0	0	0	0
6	0	517.964209	189.644967	0	328.319242	0	189.644967	468.529332	83	0	0	0	1	66	0	78	0	0	0
7	0	534.645161	177.350118	0	357.295043	0	177.350118	397.968668	62	0	0	0	6	50	0	0	0	0	0
8	0	347.661487	158.302566	0	189.358921	0	158.302566	469.337651	58	0	0	1	1	40	0	27	0	0	0
9	0	509.710498	153.355567	19.094613	337.260318	0	153.355567	459.968419	64	0	0	0	5	47	0	71	0	0	0
10	0	410.150217	129.984373	0	280.165844	0	129.984373	453.917155	61	0	0	0	6	47	0	78	0	0	0
11	0	579.877209	142.951725	0	436.925484	0	142.951725	393.510377	62	0	0	0	3	52	0	7	0	0	0
12	0	575.441492	167.527515	0	407.913976	0	167.527515	412.230204	63	0	0	0	2	50	0	0	0	0	0
13	0	641.678881	260.901652	6.853520	373.923709	0	260.901652	492.009864	93	0	0	1	3	86	0	77	0	0	0
14	0	507.484871	151.671197	8.000174	347.813500	0	151.671197	419.867063	71	0	0	0	5	65	0	0	0	0	0
15	0	355.349849	124.677760	0	230.672089	0	124.677760	416.361832	53	0	0	0	7	46	0	0	0	0	0
16	0	484.849454	172.251639	1.683720	310.914095	0	172.251639	446.766401	65	0	0	0	8	56	0	67	0	0	0
17	0	589.671685	178.557043	0	411.114642	0	178.557043	492.084026	87	0	0	0	3	58	0	97	0	0	0
18	0	514.567743	133.287636	60.969171	320.310936	0	133.287636	460.199390	68	0	0	1	5	56	0	97	0	0	0
19	0	465.777140	192.911559	30.020605	242.844976	0	192.911559	496.092782	74	0	0	1	2	46	0	2	0	0	0
20	0	429.330896	170.114958	0.152485	259.063453	0	170.114958	469.415656	69	0	0	1	1	44	0	67	0	0	0
21	0	517.882843	151.001459	0	366.881384	0	151.001459	398.973720	66	0	0	0	4	54	0	0	0	0	0
22	0	322.231156	118.928967	0	203.302189	0	118.928967	477.947501	63	0	0	0	6	44	0	35	0	0	0
23	0	587.192911	234.302683	2.286309	350.603918	0	234.302683	467.741624	78	0	0	1	7	70	0	67	0	0	0
24	0	659.463528	178.258456	0	481.205073	0	178.258456	398.709237	75	0	0	0	4	41	0	0	0	0	0
25	0	470.696891	158.030489	11.780717	300.885685	0	158.030489	442.530834	72	0	0	1	6	37	0	97	0	0	0
26	0	328.048362	128.182036	14.227958	185.638368	0	128.182036	509.719255	62	0	0	1	6	46	0	2	0	0	0
27	0	607.446139	209.972033	5.080518	392.393588	0	209.972033	409.640116	76	0	0	0	3	64	0	11	0	0	0
28	0	406.999400	112.240142	31.407762	263.351496	0	112.240142	439.318546	58	0	0	0	9	25	0	52	0	0	0
29	0	440.128075	127.156167	0	312.971907	0	127.156167	471.910043	71	0	0	0	7	49	0	102	0	0	0
30	0	725.336220	278.618027	73.346940	373.371254	0	278.618027	492.480973	91	0	0	1	7	82	0	66	0	0	0
31	0	563.431622	188.330410	36.979836	338.121376	0	188.330410	498.867249	74	0	0	1	3	65	0	67	0	0	0
32	0	550.479623	261.884369	0	288.595253	0	261.884369	460.438941	79	0	0	1	7	68	0	50	0	0	0
33	0	555.415561	240.919133	0	314.496428	0	240.919133	429.653723	70	0	0	1	2	56	0	89	0	0	0
34	0	693.321753	217.788581	144.632668	330.900504	0	217.788581	511.417778	79	0	0	0	12	71	0	0	0	0	0
35	0	433.530629	180.430783	85.372777	167.727069	0	180.430783	494.980956	67	0	0	1	2	58	0	52	0	0	0
36	0	558.739582	195.216683	165.004856	198.518043	0	195.216683	507.190994	70	0	0	0	5	46	0	8	0	0	0
37	0	593.076298	262.092148	0	330.984150	0	262.092148	449.764007	78	0	0	0	9	50	0	52	0	0	0
38	0	663.834922	201.991823	0	461.843099	0	201.991823	374.015665	71	0	0	0	2	39	0	4	0	0	0
39	0	582.008315	189.514932	74.782148	317.711235	0	189.514932	509.492273	80	0	0	1	9	75	0	0	0	0	0
40	0	366.974456	166.539598	0	200.434857	0	166.539598	442.387222	58	0	0	1	9	31	0	100	0	0	0
41	0	461.979981	134.754517	4.618623	322.606841	0	134.754517	466.902688	63	0	0	0	1	51	0	27	0	0	0
42	0	602.074213	225.471136	0	376.603077	0	225.471136	526.679454	84	0	0	3	11	78	0	0	0	0	0
43	0	534.423187	143.251778	0	391.171409	0	143.251778	474.413947	75	0	0	0	4	62	0	58	0	0	0
44	0	745.139577	284.490072	20.300443	440.349061	0	284.490072	524.796580	96	0	0	0	11	63	0	0	0	0	0
45	0	507.357453	259.873883	20.658674	226.824896	0	259.873883	470.903459	71	0	0	0	7	46	0	72	0	0	0
46	0	393.640288	135.181279	0	258.459010	0	135.181279	409.472146	57	0	0	1	5	33	0	0	0	0	0
47	0	550.255912	217.946949	72.137759	260.171204	0	217.946949	533.950002	79	0	0	0	10	72	0	0	0	0	0
48	0	487.551981	181.911122	0	305.640860	0	181.911122	460.797860	69	0	0	0	11	56	0	97	0	0	0
49	0	646.980411	225.640876	96.062121	325.277414	0	225.640876	514.845931	86	0	0	1	12	70	0	48	0	0	0
50	0	529.902030	218.275894	0	311.626136	0	218.275894	494.273680	82	0	0	0	8	50	0	8	0	0	0
51	0	471.691488	161.900543	1.701336	308.089610	0	161.900543	416.732442	60	0	0	0	1	27	0	0	0	0	0
52	0	323.117232	127.273941	0	195.843291	0	127.273941	410.782236	56	0	0	0	1	18	0	0	0	0	0
53	0	505.566291	179.346299	5.233757	320.986235	0	179.346299	458.281532	73	0	0	0	5	59	0	78	0	0	0
54	0	364.224402	116.832475	23.427608	223.964318	0	116.832475	455.442649	63	0	0	0	2	42	0	76	0	0	0
55	0	531.505321	203.335503	0	328.169818	0	203.335503	460.736673	79	0	0	1	9	63	0	94	0	0	0
56	0	374.824189	133.777302	0	241.046887	0	133.777302	446.271330	62	0	0	0	3	36	0	97	0	0	0
57	0	637.488381	168.959932	0	468.528448	0	168.959932	423.286642	69	0	0	1	2	63	0	97	0	0	0
58	0	387.268433	165.337159	3.708108	218.223166	0	165.337159	479.157267	68	0	0	2	1	59	0	0	0	0	0
59	0	271.443967	82.740562	0	188.703404	0	82.740562	405.912773	53	0	0	0	2	24	0	0	0	0	0

# aggregate (N=60, crashed=0)
mean_total_cost	512.194224
mean_distance_cost	181.750069
mean_delay_cost	18.287359
mean_earliness_cost	312.156796
mean_overtime_cost	0.000000
mean_km_driven	181.750069
mean_final_tau	459.450195
mean_decisions	71.033333
unserved_in_window	episodes=0/60	clients=0
unserved_overdue	episodes=0/60	clients=0
B1a_B1b_mid_arc_park	episodes=24/60	events=27	per_episode=0.450
B11_duplicate_assignment	episodes=60/60	transitions=308
B10_earliness_bin_partition	episodes=60/60	decisions=3206
B7_congestion_shorten	episodes=0/60	writes=0
B17_book_purge	final_book_size_total=2422	expired_at_end_total=0
B14_money_without_counter	episodes=0/60	violations=0
B15_negative_cost_component	episodes=0/60	violations=0
B3_termination_charge_clock_independence	NOT_DIRECTLY_COUNTABLE	see unserved_in_window above (that demand is what B3 prices at zero pre-fix)

# structural checks (independent of seed)
B9_spread_wrong_depth	count=38	reached_total=635	pct=5.98
B9_spread_missed_entirely	count=40	genuinely_reachable_total=675	pct=5.93
B16_cadence_duration_30	fires_shipped=29	fires_intended=29	match
B16_cadence_duration_45	fires_shipped=9	fires_intended=9	match
B16_cadence_duration_50	fires_shipped=1	fires_intended=17	MISMATCH
B16_cadence_duration_60	fires_shipped=15	fires_intended=15	match
B16_cadence_duration_70	fires_shipped=2	fires_intended=12	MISMATCH
B16_cadence_duration_90	fires_shipped=9	fires_intended=9	match
B16_cadence_duration_120	fires_shipped=8	fires_intended=8	match
B16_cadence_duration_150	fires_shipped=5	fires_intended=5	match
B16_cadence_duration_180	fires_shipped=5	fires_intended=5	match
B16_cadence_duration_200	fires_shipped=1	fires_intended=4	MISMATCH
B16_cadence_duration_240	fires_shipped=4	fires_intended=4	match
