# 60-seed bench (vehicle_count=None, w=frozen)
# n_seeds=60

seed	crashed	total_cost	distance_cost	delay_cost	earliness_cost	overtime_cost	km_driven	final_tau	decisions	unserved_in_window	unserved_overdue	mid_arc_park_violations	duplicate_assignment_transitions	earliness_bin_violations	congestion_shorten_violations	congestion_book_size_at_end	congestion_book_expired_at_end	negative_cost_component_violations	money_without_counter_violations
0	0	525.079045	179.756560	0	345.322485	0	179.756560	428.538516	68	0	0	0	3	60	0	75	48	0	0
1	0	568.816076	235.234841	0	333.581235	0	235.234841	419.683920	69	0	0	0	4	62	0	108	108	0	0
2	0	568.508369	179.453954	0	389.054415	0	179.453954	486.929099	76	0	0	1	2	65	0	105	30	0	0
3	0	674.089888	247.614614	0	426.475274	0	247.614614	511.684594	99	0	0	0	14	93	0	105	105	0	0
4	0	450.888176	182.607802	18.969533	249.310841	0	182.607802	475.395162	69	0	0	0	2	54	0	111	49	0	0
5	0	390.073965	138.200128	0	251.873837	0	138.200128	423.072082	57	0	0	1	5	50	0	105	30	0	0
6	0	552.228577	231.116503	0	321.112074	0	231.116503	519.173337	91	0	0	1	13	85	0	108	108	0	0
7	0	560.058105	208.913479	0	351.144626	0	208.913479	404.187454	64	0	0	0	6	56	0	0	0	0	0
8	0	364.519951	168.081907	0	196.438044	0	168.081907	444.424250	55	0	0	0	6	47	0	112	38	0	0
9	0	485.012241	140.983256	0	344.028986	0	140.983256	445.633096	60	0	0	1	3	54	0	78	0	0	0
10	0	412.124365	131.200337	0	280.924028	0	131.200337	452.252323	61	0	0	0	8	52	0	108	30	0	0
11	0	583.161298	153.228579	0	429.932719	0	153.228579	402.158694	63	0	0	0	2	57	0	75	68	0	0
12	0	531.086935	124.743785	0	406.343150	0	124.743785	404.914032	61	0	0	1	6	54	0	78	78	0	0
13	0	588.142851	229.407063	0	358.735788	0	229.407063	490.464586	93	0	0	1	7	81	0	112	35	0	0
14	0	489.450008	150.968809	0	338.481199	0	150.968809	414.294968	70	0	0	0	1	61	0	75	75	0	0
15	0	336.137134	115.335761	0	220.801373	0	115.335761	408.795056	50	0	0	1	6	43	0	70	70	0	0
16	0	517.096422	205.135688	0	311.960734	0	205.135688	412.638788	59	0	0	0	9	52	0	70	70	0	0
17	0	563.742144	146.817509	0	416.924635	0	146.817509	412.883829	74	0	0	0	7	64	0	95	53	0	0
18	0	509.458483	141.729754	58.193311	309.535418	0	141.729754	479.777664	70	0	0	2	6	65	0	105	68	0	0
19	0	408.492096	154.564062	0	253.928035	0	154.564062	437.683539	65	0	0	0	7	58	0	112	85	0	0
20	0	407.879885	162.526722	0	245.353163	0	162.526722	464.358296	69	0	0	1	5	59	0	70	0	0	0
21	0	539.981789	177.771009	0	362.210780	0	177.771009	415.660992	68	0	0	0	2	62	0	70	70	0	0
22	0	297.641662	106.144594	0	191.497068	0	106.144594	444.564838	56	0	0	1	3	46	0	115	48	0	0
23	0	577.944264	215.577190	0	362.367074	0	215.577190	422.499095	71	0	0	1	1	63	0	113	0	0	0
24	0	731.347005	250.293867	13.441741	467.611396	0	250.293867	416.191553	77	0	0	1	15	69	0	27	27	0	0
25	0	427.481421	127.092131	0	300.389291	0	127.092131	395.914630	65	0	0	0	2	54	0	105	44	0	0
26	0	335.534105	134.059991	0	201.474114	0	134.059991	483.308046	58	0	0	1	4	51	0	115	69	0	0
27	0	599.514723	237.711664	3.565659	358.237400	0	237.711664	421.441204	75	0	0	3	6	67	0	78	78	0	0
28	0	322.135408	98.447356	0	223.688052	0	98.447356	402.395194	48	1	0	2	5	48	0	100	100	0	0
29	0	418.231978	102.724762	0	315.507216	0	102.724762	402.162950	58	0	0	1	2	51	0	108	61	0	0
30	0	581.628394	230.245755	0	351.382639	0	230.245755	453.870871	86	0	0	0	13	79	0	115	3	0	0
31	0	501.800845	164.316190	0	337.484655	0	164.316190	448.737344	67	0	0	0	4	56	0	106	6	0	0
32	0	535.714747	257.294405	0	278.420342	0	257.294405	435.341705	76	0	0	0	8	66	0	108	31	0	0
33	0	547.205364	221.096927	0	326.108437	0	221.096927	418.137766	69	0	0	0	8	59	0	104	104	0	0
34	0	472.948957	145.664697	0	327.284260	0	145.664697	422.160633	65	0	0	0	3	57	0	112	7	0	0
35	0	285.415531	128.034937	0	157.380593	0	128.034937	417.981578	55	0	0	0	2	47	0	106	106	0	0
36	0	370.543584	180.626071	0	189.917514	0	180.626071	512.776631	71	0	0	0	1	65	0	112	104	0	0
37	0	543.029342	204.460031	0	338.569311	0	204.460031	407.300439	71	0	0	0	6	62	0	104	104	0	0
38	0	629.189652	168.096875	0	461.092777	0	168.096875	373.552327	70	0	0	0	1	60	0	27	23	0	0
39	0	471.491007	152.904998	0	318.586008	0	152.904998	456.669457	71	0	0	1	3	60	0	108	30	0	0
40	0	323.726829	136.096342	0	187.630486	0	136.096342	408.683697	53	0	0	0	6	47	0	70	70	0	0
41	0	460.165912	151.033785	0	309.132126	0	151.033785	503.380855	69	0	0	0	13	64	0	75	75	0	0
42	0	590.563716	186.410623	0	404.153093	0	186.410623	484.514277	80	0	0	0	12	70	0	108	5	0	0
43	0	537.311559	154.090789	0	383.220770	0	154.090789	464.186686	74	0	0	0	8	62	0	95	31	0	0
44	0	674.439036	233.121288	0	441.317748	0	233.121288	505.724818	92	0	0	0	9	86	0	112	112	0	0
45	0	432.665071	195.722835	0	236.942236	0	195.722835	473.407400	71	0	0	0	7	57	0	105	30	0	0
46	0	438.682533	196.031921	0	242.650612	0	196.031921	443.963038	64	0	0	0	10	58	0	27	0	0	0
47	0	425.927163	195.279456	16.418157	214.229551	0	195.279456	506	70	1	0	3	8	70	0	112	112	0	0
48	0	472.047506	175.154685	0	296.892821	0	175.154685	488.480220	74	0	0	0	7	62	0	104	2	0	0
49	0	563.171345	259.038789	0	304.132556	0	259.038789	492.234638	83	0	0	0	12	75	0	105	28	0	0
50	0	497.367630	189.254659	0	308.112971	0	189.254659	448.118660	74	0	0	0	7	63	0	75	0	0	0
51	0	453.485606	148.271756	0	305.213849	0	148.271756	407.761585	56	0	0	2	7	49	0	77	77	0	0
52	0	320.179653	142.780009	0	177.399644	0	142.780009	416.304171	57	0	0	0	6	51	0	75	75	0	0
53	0	490.610636	168.355756	1.959229	320.295651	0	168.355756	419.988220	66	0	0	0	1	54	0	70	70	0	0
54	0	336.479655	123.419135	0	213.060520	0	123.419135	431.411680	59	0	0	0	3	52	0	115	10	0	0
55	0	508.345211	191.718479	0	316.626732	0	191.718479	443.056967	76	0	0	1	3	66	0	105	5	0	0
56	0	347.183858	103.183706	0	244.000152	0	103.183706	418.496007	56	0	0	1	4	48	0	101	101	0	0
57	0	639.321387	175.391761	0	463.929625	0	175.391761	452.817771	74	0	0	1	4	65	0	111	11	0	0
58	0	394.212126	153.924287	3.708108	236.579732	0	153.924287	451.337983	65	0	0	0	4	54	0	105	35	0	0
59	0	257.792770	89.218481	0	168.574289	0	89.218481	431.006022	57	0	0	0	2	50	0	115	40	0	0

# aggregate (N=60, crashed=0)
mean_total_cost	480.641750
mean_distance_cost	171.628052
mean_delay_cost	1.937596
mean_earliness_cost	307.076103
mean_overtime_cost	0.000000
mean_km_driven	171.628052
mean_final_tau	443.008087
mean_decisions	68.166667
unserved_in_window	episodes=2/60	clients=2
unserved_overdue	episodes=0/60	clients=0
B1a_B1b_mid_arc_park	episodes=22/60	events=29	per_episode=0.483
B11_duplicate_assignment	episodes=60/60	transitions=344
B10_earliness_bin_partition	episodes=60/60	decisions=3597
B7_congestion_shorten	episodes=0/60	writes=0
B17_book_purge	final_book_size_total=5572	expired_at_end_total=3052
B14_money_without_counter	episodes=0/60	violations=0
B15_negative_cost_component	episodes=0/60	violations=0
B3_termination_charge_clock_independence	NOT_DIRECTLY_COUNTABLE	see unserved_in_window above (that demand is what B3 prices at zero pre-fix)

# structural checks (independent of seed)
B9_spread_wrong_depth	count=0	reached_total=675	pct=0.00
B9_spread_missed_entirely	count=0	genuinely_reachable_total=675	pct=0.00
B16_cadence_duration_30	fires_shipped=29	fires_intended=29	match
B16_cadence_duration_45	fires_shipped=9	fires_intended=9	match
B16_cadence_duration_50	fires_shipped=1	fires_intended=17	MISMATCH
B16_cadence_duration_60	fires_shipped=15	fires_intended=15	match
B16_cadence_duration_70	fires_shipped=2	fires_intended=12	MISMATCH
B16_cadence_duration_90	fires_shipped=9	fires_intended=9	match
B16_cadence_duration_120	fires_shipped=8	fires_intended=8	match
B16_cadence_duration_150	fires_shipped=5	fires_intended=5	match
B16_cadence_duration_180	fires_shipped=5	fires_intended=5	match
B16_cadence_duration_200	fires_shipped=1	fires_intended=4	MISMATCH
B16_cadence_duration_240	fires_shipped=4	fires_intended=4	match
