# 60-seed bench (vehicle_count=None, w=zero)
# n_seeds=60

seed	crashed	total_cost	distance_cost	delay_cost	earliness_cost	overtime_cost	km_driven	final_tau	decisions	unserved_in_window	unserved_overdue	mid_arc_park_violations	duplicate_assignment_transitions	earliness_bin_violations	congestion_shorten_violations	congestion_book_size_at_end	congestion_book_expired_at_end	negative_cost_component_violations	money_without_counter_violations
0	0	529.068537	182.492088	0	346.576449	0	182.492088	427.508329	67	0	0	0	2	55	0	27	0	0	0
1	0	553.411242	215.069871	0	338.341371	0	215.069871	447.552778	73	0	0	1	6	56	0	0	0	0	0
2	0	565.135570	201.703754	0	363.431816	0	201.703754	516.087289	81	0	0	1	2	71	0	67	0	0	0
3	0	864.884615	336.900400	98.187505	429.796710	0	336.900400	530.323742	102	0	0	1	16	96	0	0	0	0	0
4	0	540.658387	203.286337	101.871907	235.500143	0	203.286337	525.540223	77	0	0	1	5	54	0	35	0	0	0
5	0	399.198968	134.329610	0	264.869358	0	134.329610	424.668177	58	0	0	0	2	41	0	72	0	0	0
6	0	525.108279	203.830571	3.584707	317.693000	0	203.830571	500.308981	88	0	0	1	5	75	0	0	0	0	0
7	0	534.645161	177.350118	0	357.295043	0	177.350118	397.968668	62	0	0	0	6	50	0	0	0	0	0
8	0	340.327685	151.007693	0	189.319991	0	151.007693	455.315563	56	0	0	1	2	41	0	74	0	0	0
9	0	559.092110	153.355567	69.328215	336.408329	0	153.355567	505.198755	71	0	0	0	8	58	0	76	0	0	0
10	0	409.988024	129.984373	0	280.003650	0	129.984373	456.555039	61	0	0	0	6	47	0	78	0	0	0
11	0	580.587227	145.921992	0	434.665236	0	145.921992	401.679963	63	0	0	0	1	53	0	27	0	0	0
12	0	549.568694	144.412681	0	405.156013	0	144.412681	412.129226	63	0	0	0	1	50	0	0	0	0	0
13	0	651.321943	258.151768	18.647231	374.522944	0	258.151768	478.686410	92	0	0	0	1	79	0	77	0	0	0
14	0	507.484871	151.671197	8.000174	347.813500	0	151.671197	419.867063	71	0	0	0	5	65	0	0	0	0	0
15	0	355.349849	124.677760	0	230.672089	0	124.677760	416.361832	53	0	0	0	7	46	0	0	0	0	0
16	0	484.849454	172.251639	1.683720	310.914095	0	172.251639	446.766401	65	0	0	0	8	56	0	67	0	0	0
17	0	589.671685	178.557043	0	411.114642	0	178.557043	492.084026	87	0	0	0	3	58	0	106	0	0	0
18	0	515.169705	136.081336	60.969171	318.119198	0	136.081336	460.199390	68	0	0	1	2	59	0	97	0	0	0
19	0	449.153627	199.229012	13.522735	236.401880	0	199.229012	519.153758	79	0	0	0	1	47	0	0	0	0	0
20	0	429.330896	170.114958	0.152485	259.063453	0	170.114958	469.415656	69	0	0	1	1	44	0	67	0	0	0
21	0	517.882843	151.001459	0	366.881384	0	151.001459	398.973720	66	0	0	0	4	54	0	0	0	0	0
22	0	329.801106	130.933948	0	198.867158	0	130.933948	493.428833	65	0	0	0	8	46	0	0	0	0	0
23	0	622.927197	242.459162	29.308770	351.159265	0	242.459162	471.253418	79	0	0	1	6	65	0	106	0	0	0
24	0	659.463528	178.258456	0	481.205073	0	178.258456	398.709237	75	0	0	0	4	41	0	0	0	0	0
25	0	445.000878	145.155662	0	299.845216	0	145.155662	439.379011	71	0	0	1	1	36	0	97	0	0	0
26	0	333.491008	126.716307	31.403523	175.371178	0	126.716307	526.578455	65	0	0	1	4	57	0	0	0	0	0
27	0	777.467701	240.280590	156.401477	380.785634	0	240.280590	515.708307	94	0	0	0	13	88	0	0	0	0	0
28	0	400.774919	106.015661	31.407762	263.351496	0	106.015661	439.318546	58	0	0	0	10	25	0	52	0	0	0
29	0	435.789635	126.702899	0	309.086736	0	126.702899	493.911096	74	0	0	0	4	49	0	72	0	0	0
30	0	725.336220	278.618027	73.346940	373.371254	0	278.618027	494.735183	92	0	0	1	7	82	0	102	0	0	0
31	0	563.431622	188.330410	36.979836	338.121376	0	188.330410	498.867249	74	0	0	1	3	65	0	67	0	0	0
32	0	534.386830	249.630995	0	284.755835	0	249.630995	459.751886	80	0	0	0	7	67	0	74	0	0	0
33	0	526.489324	212.842740	0	313.646584	0	212.842740	464.987456	75	0	0	2	5	65	0	68	0	0	0
34	0	591.637210	180.459050	79.378148	331.800011	0	180.459050	481.156643	74	0	0	0	1	57	0	72	0	0	0
35	0	422.356985	177.033351	79.350478	165.973157	0	177.033351	496.961708	67	0	0	1	3	59	0	52	0	0	0
36	0	571.686483	198.176987	175.796840	197.712656	0	198.176987	515.374078	71	0	0	0	5	46	0	27	0	0	0
37	0	559.692794	235.642977	0	324.049817	0	235.642977	451.697134	77	0	0	1	1	51	0	52	0	0	0
38	0	660.864263	202.801141	0	458.063122	0	202.801141	396.636166	74	0	0	0	2	42	0	27	0	0	0
39	0	612.364733	199.502626	95.308177	317.553931	0	199.502626	523.825651	82	0	0	1	10	77	0	0	0	0	0
40	0	366.974456	166.539598	0	200.434857	0	166.539598	442.387222	58	0	0	1	9	31	0	100	0	0	0
41	0	461.979981	134.754517	4.618623	322.606841	0	134.754517	466.902688	63	0	0	0	1	51	0	27	0	0	0
42	0	582.269662	200.583850	0	381.685813	0	200.583850	501.570690	80	0	0	3	7	72	0	88	0	0	0
43	0	534.423187	143.251778	0	391.171409	0	143.251778	476.121480	76	0	0	0	4	62	0	79	0	0	0
44	0	721.018022	281.319708	3.109937	436.588377	0	281.319708	482.031434	89	0	0	0	2	76	0	72	0	0	0
45	0	507.357453	259.873883	20.658674	226.824896	0	259.873883	470.903459	71	0	0	0	7	46	0	72	0	0	0
46	0	389.129788	134.989981	0	254.139808	0	134.989981	453.331576	66	0	0	0	9	33	0	27	0	0	0
47	0	524.909129	191.981239	72.137759	260.790131	0	191.981239	516.276322	76	0	0	0	10	69	0	0	0	0	0
48	0	487.551981	181.911122	0	305.640860	0	181.911122	460.797860	69	0	0	0	11	56	0	97	0	0	0
49	0	517.248193	187.221392	4.923554	325.103246	0	187.221392	459.060096	77	0	0	1	7	61	0	99	0	0	0
50	0	529.902030	218.275894	0	311.626136	0	218.275894	503.809161	83	0	0	0	8	50	0	0	0	0	0
51	0	482.961592	166.930495	9.324903	306.706193	0	166.930495	428.690943	62	0	0	0	5	27	0	99	0	0	0
52	0	328.163733	133.261373	0	194.902360	0	133.261373	415.580738	56	0	0	0	4	18	0	0	0	0	0
53	0	505.566291	179.346299	5.233757	320.986235	0	179.346299	458.281532	73	0	0	0	5	59	0	78	0	0	0
54	0	366.991831	116.169425	27.806645	223.015761	0	116.169425	461.199719	64	0	0	0	2	43	0	94	0	0	0
55	0	504.656669	175.130129	0	329.526540	0	175.130129	455.171621	78	0	0	1	6	60	0	94	0	0	0
56	0	377.280545	135.506690	0	241.773855	0	135.506690	445.448370	61	0	0	0	5	35	0	97	0	0	0
57	0	689.436938	179.410834	43.656761	466.369342	0	179.410834	470	71	0	1	5	4	68	0	97	0	0	0
58	0	387.268433	165.337159	3.708108	218.223166	0	165.337159	479.157267	68	0	0	2	1	59	0	0	0	0	0
59	0	274.469129	86.743711	0	187.725418	0	86.743711	408.747304	53	0	0	0	6	24	0	0	0	0	0

# aggregate (N=60, crashed=0)
mean_total_cost	512.740181
mean_distance_cost	179.658022
mean_delay_cost	22.663475
mean_earliness_cost	310.418684
mean_overtime_cost	0.000000
mean_km_driven	179.658022
mean_final_tau	465.334909
mean_decisions	71.883333
unserved_in_window	episodes=0/60	clients=0
unserved_overdue	episodes=1/60	clients=1
B1a_B1b_mid_arc_park	episodes=23/60	events=31	per_episode=0.517
B11_duplicate_assignment	episodes=60/60	transitions=301
B10_earliness_bin_partition	episodes=60/60	decisions=3273
B7_congestion_shorten	episodes=0/60	writes=0
B17_book_purge	final_book_size_total=2958	expired_at_end_total=0
B14_money_without_counter	episodes=0/60	violations=0
B15_negative_cost_component	episodes=0/60	violations=0
B3_termination_charge_clock_independence	NOT_DIRECTLY_COUNTABLE	see unserved_in_window above (that demand is what B3 prices at zero pre-fix)

# structural checks (independent of seed)
B9_spread_wrong_depth	count=38	reached_total=635	pct=5.98
B9_spread_missed_entirely	count=40	genuinely_reachable_total=675	pct=5.93
B16_cadence_duration_30	fires_shipped=29	fires_intended=29	match
B16_cadence_duration_45	fires_shipped=9	fires_intended=9	match
B16_cadence_duration_50	fires_shipped=1	fires_intended=17	MISMATCH
B16_cadence_duration_60	fires_shipped=15	fires_intended=15	match
B16_cadence_duration_70	fires_shipped=2	fires_intended=12	MISMATCH
B16_cadence_duration_90	fires_shipped=9	fires_intended=9	match
B16_cadence_duration_120	fires_shipped=8	fires_intended=8	match
B16_cadence_duration_150	fires_shipped=5	fires_intended=5	match
B16_cadence_duration_180	fires_shipped=5	fires_intended=5	match
B16_cadence_duration_200	fires_shipped=1	fires_intended=4	MISMATCH
B16_cadence_duration_240	fires_shipped=4	fires_intended=4	match
