# 60-seed bench (vehicle_count=None, w=frozen)
# n_seeds=60

seed	crashed	total_cost	distance_cost	delay_cost	earliness_cost	overtime_cost	km_driven	final_tau	decisions	unserved_in_window	unserved_overdue	mid_arc_park_violations	duplicate_assignment_transitions	earliness_bin_violations	congestion_shorten_violations	congestion_book_size_at_end	congestion_book_expired_at_end	negative_cost_component_violations	money_without_counter_violations
0	0	520.990835	175.211403	0	345.779432	0	175.211403	428.538516	67	0	0	1	1	57	0	72	45	0	0
1	0	568.816076	235.234841	0	333.581235	0	235.234841	419.683920	69	0	0	0	4	62	0	105	105	0	0
2	0	569.467225	169.579855	0	399.887370	0	169.579855	470.433952	75	0	0	0	9	63	0	99	27	0	0
3	0	667.635477	236.887078	0	430.748399	0	236.887078	491.176242	96	0	0	0	13	85	0	99	99	0	0
4	0	457.749869	190.520047	18.969533	248.260289	0	190.520047	475.285391	69	0	0	0	2	56	0	111	54	0	0
5	0	395.435969	143.482885	0	251.953084	0	143.482885	420.693398	56	0	0	1	7	49	0	99	99	0	0
6	0	552.374207	231.084187	0	321.290020	0	231.084187	519.158085	91	0	0	1	13	85	0	108	108	0	0
7	0	560.058105	208.913479	0	351.144626	0	208.913479	404.187454	64	0	0	0	6	56	0	0	0	0	0
8	0	381.037475	185.701747	0	195.335729	0	185.701747	464.661258	58	0	0	1	7	51	0	106	32	0	0
9	0	485.307648	140.965953	0	344.341695	0	140.965953	445.590261	60	0	0	1	3	54	0	78	0	0	0
10	0	412.343464	132.320685	0	280.022779	0	132.320685	459.241806	60	0	0	2	4	55	0	105	27	0	0
11	0	583.161298	153.228579	0	429.932719	0	153.228579	402.158694	63	0	0	0	2	57	0	72	65	0	0
12	0	529.278096	120.429355	0	408.848741	0	120.429355	402.876415	59	0	0	2	1	55	0	78	78	0	0
13	0	587.449902	223.589932	0	363.859971	0	223.589932	484.070643	91	0	0	2	8	79	0	106	29	0	0
14	0	490.828388	151.220758	0	339.607630	0	151.220758	413.373209	70	0	0	0	3	61	0	72	72	0	0
15	0	334.937344	112.627721	0	222.309623	0	112.627721	405.595255	50	0	0	1	6	43	0	67	67	0	0
16	0	483.430654	167.866943	0	315.563710	0	167.866943	401.939860	57	0	0	0	6	49	0	67	67	0	0
17	0	565.720445	149.491076	0	416.229368	0	149.491076	421.747376	74	0	0	1	6	69	0	89	89	0	0
18	0	509.827715	141.729754	58.193311	309.904650	0	141.729754	479.777664	70	0	0	2	6	65	0	102	65	0	0
19	0	405.851074	152.208145	0	253.642928	0	152.208145	446.498908	67	0	0	0	7	61	0	106	79	0	0
20	0	411.351504	160.311023	0	251.040481	0	160.311023	448.943464	67	0	0	0	6	58	0	67	0	0	0
21	0	539.981789	177.771009	0	362.210780	0	177.771009	415.660992	68	0	0	0	2	62	0	67	67	0	0
22	0	308.311795	111.572507	0	196.739288	0	111.572507	446.915113	58	0	0	0	4	49	0	112	50	0	0
23	0	568.090212	205.533853	0	362.556359	0	205.533853	432.131626	72	0	0	1	5	64	0	110	0	0	0
24	0	731.347005	250.293867	13.441741	467.611396	0	250.293867	416.191553	77	0	0	1	15	69	0	27	27	0	0
25	0	436.718219	142.164074	0	294.554145	0	142.164074	420.062884	67	0	0	2	5	51	0	99	99	0	0
26	0	335.534105	134.059991	0	201.474114	0	134.059991	483.308046	58	0	0	1	4	51	0	112	69	0	0
27	0	599.032446	238.231771	6.300839	354.499836	0	238.231771	427.607913	76	0	0	3	2	70	0	78	51	0	0
28	0	324.007646	98.593309	0	225.414337	0	98.593309	402.393697	48	1	0	2	4	48	0	94	94	0	0
29	0	421.847622	104.125433	0	317.722189	0	104.125433	399.949091	59	0	0	0	1	48	0	108	64	0	0
30	0	581.628394	230.245755	0	351.382639	0	230.245755	453.870871	86	0	0	0	13	79	0	112	6	0	0
31	0	501.800845	164.316190	0	337.484655	0	164.316190	448.737344	67	0	0	0	4	56	0	106	9	0	0
32	0	533.669358	254.179190	0	279.490167	0	254.179190	434.759067	76	0	0	0	7	65	0	105	28	0	0
33	0	547.536348	221.096927	0	326.439420	0	221.096927	418.137766	69	0	0	0	9	59	0	99	99	0	0
34	0	475.475825	145.773112	0	329.702713	0	145.773112	418.410089	64	0	0	0	1	52	0	99	99	0	0
35	0	285.909003	128.034937	0	157.874065	0	128.034937	416.917383	55	0	0	0	2	47	0	106	106	0	0
36	0	335.487914	155.504568	0	179.983346	0	155.504568	507.908138	70	0	0	0	12	63	0	106	98	0	0
37	0	543.256639	204.460031	0	338.796608	0	204.460031	405.963982	71	0	0	0	4	62	0	99	99	0	0
38	0	629.189652	168.096875	0	461.092777	0	168.096875	373.552327	70	0	0	0	1	60	0	27	23	0	0
39	0	473.945683	151.155622	0	322.790061	0	151.155622	446.474099	71	0	0	0	4	61	0	105	27	0	0
40	0	323.851666	136.096342	0	187.755323	0	136.096342	408.683697	53	0	0	0	6	47	0	67	67	0	0
41	0	460.400229	151.033785	0	309.366444	0	151.033785	503.380855	69	0	0	0	13	64	0	72	72	0	0
42	0	590.563716	186.410623	0	404.153093	0	186.410623	484.430078	80	0	0	0	12	70	0	105	5	0	0
43	0	548.325423	166.766905	0	381.558518	0	166.766905	507.416584	81	0	0	0	10	71	0	89	55	0	0
44	0	676.026418	233.121288	0	442.905130	0	233.121288	505.724818	92	0	0	0	9	86	0	106	106	0	0
45	0	421.118225	183.554701	0	237.563524	0	183.554701	471.159912	71	0	0	0	6	58	0	102	30	0	0
46	0	438.682533	196.031921	0	242.650612	0	196.031921	443.963038	64	0	0	0	10	58	0	27	0	0	0
47	0	441.631119	190.657032	15.834994	235.139094	0	190.657032	508.937087	73	0	0	2	7	69	0	106	106	0	0
48	0	472.047506	175.154685	0	296.892821	0	175.154685	488.480220	74	0	0	0	7	62	0	99	2	0	0
49	0	585.994498	281.711620	0	304.282878	0	281.711620	488.666863	83	0	0	0	12	73	0	99	28	0	0
50	0	502.530041	194.284611	0	308.245430	0	194.284611	448.118660	74	0	0	0	7	63	0	72	0	0	0
51	0	453.485606	148.271756	0	305.213849	0	148.271756	407.761585	56	0	0	2	7	49	0	77	77	0	0
52	0	320.269165	142.780009	0	177.489156	0	142.780009	416.151513	57	0	0	0	6	51	0	72	72	0	0
53	0	489.069263	168.355756	0	320.713507	0	168.355756	419.606416	66	0	0	0	3	55	0	67	67	0	0
54	0	334.518924	122.601567	0	211.917357	0	122.601567	430.494368	59	0	0	0	2	52	0	112	13	0	0
55	0	505.076698	187.254762	0	317.821936	0	187.254762	443.056967	76	0	0	1	3	67	0	99	5	0	0
56	0	355.108015	108.597668	0	246.510347	0	108.597668	417.554529	57	0	0	0	6	49	0	93	43	0	0
57	0	639.185469	174.715147	0	464.470322	0	174.715147	448.462632	72	0	0	2	5	62	0	111	14	0	0
58	0	439.296160	189.653851	11.691542	237.950767	0	189.653851	450.083689	65	0	0	0	8	56	0	99	32	0	0
59	0	258.269848	88.712311	0	169.557537	0	88.712311	417.984465	55	0	0	0	4	48	0	112	112	0	0

# aggregate (N=60, crashed=0)
mean_total_cost	481.687896
mean_distance_cost	171.559680
mean_delay_cost	2.073866
mean_earliness_cost	308.054350
mean_overtime_cost	0.000000
mean_km_driven	171.559680
mean_final_tau	443.078362
mean_decisions	68.200000
unserved_in_window	episodes=1/60	clients=1
unserved_overdue	episodes=0/60	clients=0
B1a_B1b_mid_arc_park	episodes=21/60	events=32	per_episode=0.533
B11_duplicate_assignment	episodes=60/60	transitions=362
B10_earliness_bin_partition	episodes=60/60	decisions=3596
B7_congestion_shorten	episodes=0/60	writes=0
B17_book_purge	final_book_size_total=5365	expired_at_end_total=3228
B14_money_without_counter	episodes=0/60	violations=0
B15_negative_cost_component	episodes=0/60	violations=0
B3_termination_charge_clock_independence	NOT_DIRECTLY_COUNTABLE	see unserved_in_window above (that demand is what B3 prices at zero pre-fix)

# structural checks (independent of seed)
B9_spread_wrong_depth	count=38	reached_total=635	pct=5.98
B9_spread_missed_entirely	count=40	genuinely_reachable_total=675	pct=5.93
B16_cadence_duration_30	fires_shipped=29	fires_intended=29	match
B16_cadence_duration_45	fires_shipped=9	fires_intended=9	match
B16_cadence_duration_50	fires_shipped=1	fires_intended=17	MISMATCH
B16_cadence_duration_60	fires_shipped=15	fires_intended=15	match
B16_cadence_duration_70	fires_shipped=2	fires_intended=12	MISMATCH
B16_cadence_duration_90	fires_shipped=9	fires_intended=9	match
B16_cadence_duration_120	fires_shipped=8	fires_intended=8	match
B16_cadence_duration_150	fires_shipped=5	fires_intended=5	match
B16_cadence_duration_180	fires_shipped=5	fires_intended=5	match
B16_cadence_duration_200	fires_shipped=1	fires_intended=4	MISMATCH
B16_cadence_duration_240	fires_shipped=4	fires_intended=4	match
