# 60-seed bench (vehicle_count=None, w=zero)
# n_seeds=60

seed	crashed	total_cost	distance_cost	delay_cost	earliness_cost	overtime_cost	km_driven	final_tau	decisions	unserved_in_window	unserved_overdue	mid_arc_park_violations	duplicate_assignment_transitions	earliness_bin_violations	congestion_shorten_violations	congestion_book_size_at_end	congestion_book_expired_at_end	negative_cost_component_violations	money_without_counter_violations
0	0	526.360740	181.792233	0	344.568507	0	181.792233	456.178560	72	0	0	0	0	0	0	27	0	0	0
1	0	540.431040	200.222971	0	340.208069	0	200.222971	420.166291	69	0	0	0	0	0	0	0	0	0	0
2	0	579.169078	198.091439	0	381.077639	0	198.091439	484.013451	77	0	0	0	0	0	0	75	0	0	0
3	0	707.289326	257.507223	7.594289	442.187814	0	257.507223	454.479375	90	0	0	0	0	0	0	27	0	0	0
4	0	878.701131	355.127944	276.583887	246.989300	0	355.127944	693.560906	106	0	0	0	0	0	0	78	0	0	0
5	0	398.225704	138.148958	0	260.076746	0	138.148958	420.996775	57	0	0	0	0	0	0	0	0	0	0
6	0	571.016236	254.253621	0	316.762615	0	254.253621	523.583571	92	0	0	0	0	0	0	0	0	0	0
7	0	527.366715	168.300716	0	359.065999	0	168.300716	391.296840	61	0	0	0	0	0	0	0	0	0	0
8	0	367.017709	178.503164	0	188.514546	0	178.503164	453.600278	57	0	0	0	0	0	0	74	0	0	0
9	0	475.331111	142.173015	0	333.158096	0	142.173015	470.838781	66	0	0	0	0	0	0	76	0	0	0
10	0	431.630352	160.140777	0	271.489575	0	160.140777	529.001366	73	0	0	0	0	0	0	73	0	0	0
11	0	580.187245	147.567265	0	432.619980	0	147.567265	419.065543	66	0	0	0	0	0	0	0	0	0	0
12	0	550.633868	146.295021	0	404.338846	0	146.295021	416.415215	64	0	0	0	0	0	0	0	0	0	0
13	0	652.314845	260.139292	18.647231	373.528322	0	260.139292	480.204653	92	0	0	0	0	0	0	77	0	0	0
14	0	506.448742	144.814883	12.227511	349.406347	0	144.814883	417.537453	71	0	0	0	0	0	0	0	0	0	0
15	0	344.568869	115.834559	0	228.734310	0	115.834559	403.996689	50	0	0	0	0	0	0	0	0	0	0
16	0	484.272915	156.576047	14.734972	312.961895	0	156.576047	410.504542	59	0	0	0	0	0	0	0	0	0	0
17	0	581.453583	170.111077	0	411.342507	0	170.111077	471.801176	84	0	0	0	0	0	0	106	0	0	0
18	0	532.856145	152.164486	61.743638	318.948021	0	152.164486	460.953861	69	0	0	0	0	0	0	100	0	0	0
19	0	450.515816	185.065423	28.268966	237.181427	0	185.065423	510.804674	77	0	0	0	0	0	0	27	0	0	0
20	0	431.024635	161.356843	2.571049	267.096743	0	161.356843	455.107123	68	0	0	0	0	0	0	70	0	0	0
21	0	516.764060	151.001459	0	365.762600	0	151.001459	408.112565	67	0	0	0	0	0	0	0	0	0	0
22	0	319.051964	118.928967	0	200.122998	0	118.928967	480.783951	63	0	0	0	0	0	0	40	0	0	0
23	0	831.711737	307.276156	164.684614	359.750967	0	307.276156	598.466468	101	0	0	0	0	0	0	70	0	0	0
24	0	659.463528	178.258456	0	481.205073	0	178.258456	398.709237	75	0	0	0	0	0	0	0	0	0	0
25	0	455.867002	149.875378	5.532276	300.459349	0	149.875378	431.055331	71	0	0	0	0	0	0	100	0	0	0
26	0	318.556638	120.166082	0	198.390556	0	120.166082	484.863831	59	0	0	0	0	0	0	85	0	0	0
27	0	725.561695	231.231188	113.828554	380.501953	0	231.231188	495.904332	91	0	0	0	0	0	0	0	0	0	0
28	0	423.831028	125.825915	39.834223	258.170889	0	125.825915	434.286497	58	0	0	0	0	0	0	58	0	0	0
29	0	416.260576	103.784955	0	312.475621	0	103.784955	435.231626	65	0	0	0	0	0	0	105	0	0	0
30	0	696.818535	266.316576	56.374929	374.127031	0	266.316576	468.730254	88	0	0	0	0	0	0	105	0	0	0
31	0	555.620828	186.144375	25.372190	344.104263	0	186.144375	496.184029	75	0	0	0	0	0	0	70	0	0	0
32	0	587.850998	317.515263	1.169810	269.165926	0	317.515263	550.301714	95	0	0	0	0	0	0	75	0	0	0
33	0	556.379323	236.091402	0	320.287921	0	236.091402	449.471458	74	0	0	0	0	0	0	95	0	0	0
34	0	590.936957	180.459050	79.488597	330.989310	0	180.459050	481.259325	74	0	0	0	0	0	0	75	0	0	0
35	0	348.986472	160.438067	20.050062	168.498343	0	160.438067	427.027382	56	0	0	0	0	0	0	85	0	0	0
36	0	528.238085	185.649262	146.107636	196.481188	0	185.649262	515.374078	71	0	0	0	0	0	0	27	0	0	0
37	0	556.952034	229.371882	0	327.580152	0	229.371882	422.302924	74	0	0	0	0	0	0	58	0	0	0
38	0	662.075541	203.464191	0	458.611350	0	203.464191	396.636166	74	0	0	0	0	0	0	27	0	0	0
39	0	527.613735	162.453408	43.040645	322.119682	0	162.453408	498.125643	79	0	0	0	0	0	0	0	0	0	0
40	0	317.842934	112.677147	0	205.165787	0	112.677147	394.425503	51	0	0	0	0	0	0	0	0	0	0
41	0	461.908737	134.754517	4.618623	322.535597	0	134.754517	466.902688	63	0	0	0	0	0	0	27	0	0	0
42	0	597.965274	207.991646	0	389.973628	0	207.991646	479.126625	79	0	0	0	0	0	0	103	0	0	0
43	0	537.226589	153.681672	0	383.544917	0	153.681672	468.013275	74	0	0	0	0	0	0	85	0	0	0
44	0	695.540123	260.306750	0	435.233373	0	260.306750	487.889174	89	0	0	0	0	0	0	75	0	0	0
45	0	505.547026	256.122216	20.658674	228.766136	0	256.122216	457.646504	68	0	0	0	0	0	0	75	0	0	0
46	0	382.650367	125.940579	0	256.709788	0	125.940579	413.322230	59	0	0	0	0	0	0	0	0	0	0
47	0	544.934270	187.622058	94.367010	262.945202	0	187.622058	501.858750	74	0	0	0	0	0	0	0	0	0	0
48	0	483.629009	175.666065	0	307.962944	0	175.666065	469.048113	70	0	0	0	0	0	0	102	0	0	0
49	0	539.304079	187.268448	27.955433	324.080198	0	187.268448	481.766588	81	0	0	0	0	0	0	85	0	0	0
50	0	519.655629	207.606282	0	312.049348	0	207.606282	485.286980	80	0	0	0	0	0	0	27	0	0	0
51	0	515.031326	173.905524	33.169600	307.956202	0	173.905524	455.925973	66	0	0	0	0	0	0	105	0	0	0
52	0	328.049362	133.261373	0	194.787989	0	133.261373	415.595845	56	0	0	0	0	0	0	0	0	0	0
53	0	506.318700	179.346299	6.541200	320.431201	0	179.346299	454.406343	72	0	0	0	0	0	0	78	0	0	0
54	0	370.399454	120.424523	27.806645	222.168286	0	120.424523	464.909721	65	0	0	0	0	0	0	100	0	0	0
55	0	535.825881	206.056718	0	329.769163	0	206.056718	451.718364	78	0	0	0	0	0	0	100	0	0	0
56	0	385.523571	146.517877	0	239.005693	0	146.517877	464.139943	65	0	0	0	0	0	0	100	0	0	0
57	0	646.409862	180.342710	0	466.067152	0	180.342710	450.160436	74	0	0	0	0	0	0	100	0	0	0
58	0	395.269608	162.066307	3.708108	229.495194	0	162.066307	438.812532	63	0	0	0	0	0	0	70	0	0	0
59	0	274.371637	88.279866	0	186.091771	0	88.279866	416.449605	55	0	0	0	0	0	0	0	0	0	0

# aggregate (N=60, crashed=0)
mean_total_cost	515.646000
mean_distance_cost	181.471293
mean_delay_cost	22.278006
mean_earliness_cost	311.896701
mean_overtime_cost	0.000000
mean_km_driven	181.471293
mean_final_tau	462.238985
mean_decisions	71.866667
unserved_in_window	episodes=0/60	clients=0
unserved_overdue	episodes=0/60	clients=0
B1a_B1b_mid_arc_park	episodes=0/60	events=0	per_episode=0.000
B11_duplicate_assignment	episodes=0/60	transitions=0
B10_earliness_bin_partition	episodes=0/60	decisions=0
B7_congestion_shorten	episodes=0/60	writes=0
B17_book_purge	final_book_size_total=3117	expired_at_end_total=0
B14_money_without_counter	episodes=0/60	violations=0
B15_negative_cost_component	episodes=0/60	violations=0
B3_termination_charge_clock_independence	NOT_DIRECTLY_COUNTABLE	see unserved_in_window above (that demand is what B3 prices at zero pre-fix)

# structural checks (independent of seed)
B9_spread_wrong_depth	count=0	reached_total=675	pct=0.00
B9_spread_missed_entirely	count=0	genuinely_reachable_total=675	pct=0.00
B16_cadence_duration_30	fires_shipped=29	fires_intended=29	match
B16_cadence_duration_45	fires_shipped=9	fires_intended=9	match
B16_cadence_duration_50	fires_shipped=1	fires_intended=17	MISMATCH
B16_cadence_duration_60	fires_shipped=15	fires_intended=15	match
B16_cadence_duration_70	fires_shipped=2	fires_intended=12	MISMATCH
B16_cadence_duration_90	fires_shipped=9	fires_intended=9	match
B16_cadence_duration_120	fires_shipped=8	fires_intended=8	match
B16_cadence_duration_150	fires_shipped=5	fires_intended=5	match
B16_cadence_duration_180	fires_shipped=5	fires_intended=5	match
B16_cadence_duration_200	fires_shipped=1	fires_intended=4	MISMATCH
B16_cadence_duration_240	fires_shipped=4	fires_intended=4	match
