# 60-seed bench (vehicle_count=1, w=zero)
# n_seeds=60

seed	crashed	total_cost	distance_cost	delay_cost	earliness_cost	overtime_cost	km_driven	final_tau	decisions	unserved_in_window	unserved_overdue	mid_arc_park_violations	duplicate_assignment_transitions	earliness_bin_violations	congestion_shorten_violations	congestion_book_size_at_end	congestion_book_expired_at_end	negative_cost_component_violations	money_without_counter_violations
0	0	833.380198	132.533452	462.343334	238.503412	0	132.533452	740.897430	116	0	0	0	0	105	0	106	36	0	0
1	0	613.684637	117.706734	303.877269	192.100634	0	117.706734	652.848326	103	0	0	0	0	97	0	112	112	0	0
2	0	1606.863204	152.791848	1292.081744	161.989612	0	152.791848	866	126	0	5	1	0	126	0	106	106	0	0
3	0	5101.805656	328.727111	4311.815127	154.596751	306.666667	328.727111	1148	184	0	7	0	0	184	0	106	34	0	1
4	0	5206.474283	366.480664	4379	154.326953	306.666667	366.480664	1148	162	0	7	0	0	162	0	112	15	0	2
5	0	495.084872	134.474642	249.082666	111.527564	0	134.474642	658.956840	94	0	0	0	0	87	0	99	99	0	0
6	0	3944.407624	285.495889	3196.002704	156.242365	306.666667	285.495889	1148	182	0	4	0	0	182	0	112	40	0	1
7	0	1801.666297	203.956854	1434.198332	163.511111	0	203.956854	878	128	0	5	1	0	128	0	99	74	0	0
8	0	255.890156	98.542199	48.842932	108.505025	0	98.542199	619.832516	81	0	0	0	0	75	0	106	64	0	0
9	0	188.833302	16.328280	0	172.505022	0	16.328280	398	32	9	0	1	0	32	0	78	20	0	0
10	0	732.204153	139.530972	410.991834	181.681347	0	139.530972	759.589679	109	0	0	0	0	103	0	112	112	0	0
11	0	2807.420131	312.133464	1937.562632	260.310991	297.413044	312.133464	1136.895653	182	0	0	0	0	176	0	99	99	0	0
12	0	1029.711114	146.183591	647.723266	235.804257	0	146.183591	788	113	0	4	1	0	113	0	112	13	0	0
13	0	1528.011782	117.930948	1195.115327	214.965507	0	117.930948	704	113	1	4	1	0	113	0	106	31	0	0
14	0	63.857491	8.753121	0	55.104371	0	8.753121	356	17	19	0	1	0	17	0	72	0	0	0
15	0	550.261168	136.192455	295.056557	119.012157	0	136.192455	742.428882	104	0	0	0	0	96	0	99	99	0	0
16	0	3256.098792	297.794307	2445.250202	206.387616	306.666667	297.794307	1148	170	0	3	0	0	170	0	112	33	0	1
17	0	3075.210383	190.195934	2706.413283	178.601166	0	190.195934	968	153	0	4	1	0	153	0	112	55	0	0
18	0	606.072898	68.399014	280.910331	256.763553	0	68.399014	537.304157	78	0	0	0	0	72	0	102	102	0	0
19	0	3262.368863	247.346088	2582.437907	125.918201	306.666667	247.346088	1148	170	0	4	0	0	170	0	112	40	0	1
20	0	1942.480646	159.942961	1506.752393	181.721823	94.063469	159.942961	892.876163	137	0	0	0	0	131	0	106	106	0	0
21	0	2036.869029	236.304844	1584.930971	215.633214	0	236.304844	1064	165	0	3	1	0	165	0	106	6	0	0
22	0	323.198060	96.450651	120.125616	106.621793	0	96.450651	621.904183	84	0	0	0	0	78	0	112	112	0	0
23	0	652.981589	36.059319	399.767476	217.154794	0	36.059319	482	60	5	3	1	0	60	0	110	43	0	0
24	0	3602.112899	251.014523	2767.680225	276.751484	306.666667	251.014523	1148	186	0	3	0	0	186	0	105	70	0	1
25	0	1269.250620	128.895037	991.567679	148.787904	0	128.895037	746	112	0	3	1	0	112	0	112	87	0	0
26	0	402.922704	101.223721	152.007944	149.691039	0	101.223721	630.673690	81	0	0	0	0	73	0	112	91	0	0
27	0	714.298192	45.184603	433.986224	235.127365	0	45.184603	488	67	3	5	1	0	67	0	78	51	0	0
28	0	3371.360325	218.650575	2755.184629	90.858455	306.666667	218.650575	1148	164	0	4	0	0	164	0	112	6	0	1
29	0	744.968289	84.223758	434.610156	226.134375	0	84.223758	591.421234	87	0	0	0	0	83	0	108	108	0	0
30	0	102.858601	8.689272	1	93.169329	0	8.689272	362	20	21	1	1	0	20	0	73	0	0	1
31	0	3316.446396	268.403457	2605.313287	136.062986	306.666667	268.403457	1148	172	0	3	0	0	172	0	112	45	0	1
32	0	3247.648316	279.005334	2516.065322	145.910994	306.666667	279.005334	1148	182	0	3	0	0	182	0	106	34	0	1
33	0	3902.391757	259.357160	3239.001143	97.366786	306.666667	259.357160	1148	174	0	5	0	0	174	0	112	60	0	1
34	0	2581.726014	263.472073	1793.582030	218.005245	306.666667	263.472073	1148	174	0	3	0	0	174	0	106	7	0	1
35	0	52.846481	9.101111	0	43.745370	0	9.101111	362	20	11	0	1	0	20	0	106	59	0	0
36	0	4835.877679	281.688234	4158.268969	89.253810	306.666667	281.688234	1148	164	0	4	0	0	163	0	112	18	0	1
37	0	2990.160713	200.436222	2641.012169	148.712322	0	200.436222	866	128	0	7	1	0	128	0	112	112	0	0
38	0	1268.218675	138.795246	907.792569	221.630859	0	138.795246	740	117	0	4	1	0	117	0	89	89	0	0
39	0	2991.317089	269.777091	2230.918228	183.955104	306.666667	269.777091	1148	176	0	3	0	0	176	0	112	38	0	1
40	0	1699.989916	252.892204	1304	143.097712	0	252.892204	884	123	0	3	1	0	123	0	112	112	0	1
41	0	392.323091	83.837655	81.132633	227.352803	0	83.837655	588.679074	80	0	0	0	0	73	0	72	45	0	0
42	0	421.264380	34.816317	210	176.448062	0	34.816317	506	62	6	2	1	0	62	0	105	29	0	1
43	0	1583.980452	159.025387	1184.915607	240.039459	0	159.025387	860	129	0	3	1	0	129	0	106	61	0	0
44	0	3802.161074	310.451316	2949.867409	235.175682	306.666667	310.451316	1148	184	0	4	0	0	184	0	106	17	0	1
45	0	4442.502184	255.020903	3752.925336	127.889278	306.666667	255.020903	1148	166	0	6	0	0	166	0	112	0	0	1
46	0	2306.883602	305.602473	1571.669285	122.945177	306.666667	305.602473	1148	170	0	3	0	0	170	0	112	112	0	1
47	0	151.393832	16.782699	12	122.611132	0	16.782699	374	24	11	1	1	0	24	0	106	46	0	1
48	0	3881.560435	252.700244	3139.625601	182.567923	306.666667	252.700244	1148	168	0	5	0	0	168	0	112	15	0	1
49	0	1425.187969	134.320513	1160.901042	129.966414	0	134.320513	770.104497	125	0	0	0	0	116	0	106	54	0	0
50	0	2471.649135	188.153561	2089.176403	64.412172	129.907000	188.153561	935.888400	150	0	0	0	0	140	0	108	36	0	0
51	0	791.121662	115.017765	493.454544	182.649353	0	115.017765	746	104	1	2	1	0	104	0	106	59	0	0
52	0	1169.115525	139.112978	915.094487	114.908060	0	139.112978	763.393334	111	0	0	0	0	105	0	108	97	0	0
53	0	162.098857	34.795633	64	63.303224	0	34.795633	428	37	11	2	1	0	37	0	78	0	0	1
54	0	291.687838	36.421018	163	92.266820	0	36.421018	452	45	5	2	1	0	45	0	112	13	0	1
55	0	958.212979	64.849419	727.467412	165.896148	0	64.849419	584	83	2	4	1	0	83	0	99	0	0	0
56	0	288.841880	62.808174	45.099763	180.933942	0	62.808174	549.873647	76	0	0	0	0	71	0	106	17	0	0
57	0	3017.001121	266.800564	2203.397640	240.136250	306.666667	266.800564	1148	176	0	4	0	0	176	0	112	45	0	1
58	0	3159.383784	315.182194	2401.030260	136.504663	306.666667	315.182194	1148	170	0	3	0	0	170	0	112	34	0	1
59	0	178.192193	36.099303	37	105.092890	0	36.099303	440	45	4	1	1	0	45	0	112	40	0	1

# aggregate (N=60, crashed=0)
mean_total_cost	1831.729883
mean_distance_cost	165.047718
mean_delay_cost	1398.733832
mean_earliness_cost	162.147497
mean_overtime_cost	105.800836
mean_km_driven	165.047718
mean_final_tau	822.459462
mean_decisions	118.583333
unserved_in_window	episodes=14/60	clients=109
unserved_overdue	episodes=40/60	clients=146
B1a_B1b_mid_arc_park	episodes=24/60	events=24	per_episode=0.400
B11_duplicate_assignment	episodes=0/60	transitions=0
B10_earliness_bin_partition	episodes=60/60	decisions=6997
B7_congestion_shorten	episodes=0/60	writes=0
B17_book_purge	final_book_size_total=6277	expired_at_end_total=3158
B14_money_without_counter	episodes=26/60	violations=27
B15_negative_cost_component	episodes=0/60	violations=0
B3_termination_charge_clock_independence	NOT_DIRECTLY_COUNTABLE	see unserved_in_window above (that demand is what B3 prices at zero pre-fix)

# structural checks (independent of seed)
B9_spread_wrong_depth	count=38	reached_total=635	pct=5.98
B9_spread_missed_entirely	count=40	genuinely_reachable_total=675	pct=5.93
B16_cadence_duration_30	fires_shipped=29	fires_intended=29	match
B16_cadence_duration_45	fires_shipped=9	fires_intended=9	match
B16_cadence_duration_50	fires_shipped=1	fires_intended=17	MISMATCH
B16_cadence_duration_60	fires_shipped=15	fires_intended=15	match
B16_cadence_duration_70	fires_shipped=2	fires_intended=12	MISMATCH
B16_cadence_duration_90	fires_shipped=9	fires_intended=9	match
B16_cadence_duration_120	fires_shipped=8	fires_intended=8	match
B16_cadence_duration_150	fires_shipped=5	fires_intended=5	match
B16_cadence_duration_180	fires_shipped=5	fires_intended=5	match
B16_cadence_duration_200	fires_shipped=1	fires_intended=4	MISMATCH
B16_cadence_duration_240	fires_shipped=4	fires_intended=4	match
