# 60-seed bench (vehicle_count=None, w=zero)
# n_seeds=60

seed	crashed	total_cost	distance_cost	delay_cost	earliness_cost	overtime_cost	km_driven	final_tau	decisions	unserved_in_window	unserved_overdue	mid_arc_park_violations	duplicate_assignment_transitions	earliness_bin_violations	congestion_shorten_violations	congestion_book_size_at_end	congestion_book_expired_at_end	negative_cost_component_violations	money_without_counter_violations
0	0	541.368048	201.237707	0	340.130341	0	201.237707	502.818795	80	0	0	0	6	58	0	75	48	0	0
1	0	563.887858	224.232934	0	339.654924	0	224.232934	440.108130	73	0	0	0	3	55	0	108	108	0	0
2	0	563.295287	201.012865	2.145257	360.137166	0	201.012865	524.110169	83	0	0	1	3	73	0	105	105	0	0
3	0	737.648424	293.498649	0.591346	443.558428	0	293.498649	480.221566	93	0	0	1	4	75	0	105	78	0	0
4	0	639.407881	234.525346	176.227979	228.654556	0	234.525346	535.764840	78	0	0	1	5	67	0	111	111	0	0
5	0	407.785767	145.619034	0	262.166733	0	145.619034	441.400073	61	0	0	0	4	44	0	105	30	0	0
6	0	534.082780	207.332762	0	326.750018	0	207.332762	500.122120	88	0	0	1	6	80	0	108	108	0	0
7	0	534.645161	177.350118	0	357.295043	0	177.350118	397.968668	62	0	0	0	6	50	0	0	0	0	0
8	0	364.388027	182.066011	4.151791	178.170225	0	182.066011	553.565866	72	0	0	1	7	40	0	112	38	0	0
9	0	488.617681	162.203694	0	326.413987	0	162.203694	520.640461	74	0	0	0	5	43	0	78	33	0	0
10	0	405.580425	125.271318	0	280.309106	0	125.271318	454.634287	61	0	0	0	6	47	0	108	30	0	0
11	0	579.877209	142.951725	0	436.925484	0	142.951725	393.510377	62	0	0	0	3	52	0	75	68	0	0
12	0	574.815451	167.527515	0	407.287936	0	167.527515	412.860178	63	0	0	0	2	49	0	78	78	0	0
13	0	643.388544	261.498809	6.853520	375.036215	0	261.498809	490.105069	93	0	0	1	3	85	0	112	35	0	0
14	0	531.142020	149.174064	32.561609	349.406347	0	149.174064	417.847904	71	0	0	0	7	62	0	75	75	0	0
15	0	364.107846	138.508008	0	225.599839	0	138.508008	427.235836	54	0	0	0	6	48	0	75	0	0	0
16	0	494.818027	168.581029	14.734972	311.502027	0	168.581029	430.628838	62	0	0	0	6	54	0	70	0	0	0
17	0	581.453583	170.111077	0	411.342507	0	170.111077	471.801176	84	0	0	0	9	58	0	115	18	0	0
18	0	518.993688	137.766417	61.743638	319.483634	0	137.766417	460.953861	69	0	0	0	6	60	0	105	5	0	0
19	0	439.311769	180.584723	11.667329	247.059717	0	180.584723	495.493710	74	0	0	1	1	42	0	112	110	0	0
20	0	425.951252	164.719778	0.535103	260.696371	0	164.719778	460.679354	68	0	0	1	2	42	0	70	0	0	0
21	0	517.387038	151.001459	0	366.385579	0	151.001459	398.973720	66	0	0	0	3	53	0	70	70	0	0
22	0	321.290138	118.928967	0	202.361171	0	118.928967	477.978186	63	0	0	0	4	43	0	115	75	0	0
23	0	628.661731	206.951256	66.652125	355.058350	0	206.951256	506.470347	83	0	0	3	3	73	0	113	58	0	0
24	0	659.463528	178.258456	0	481.205073	0	178.258456	398.709237	75	0	0	0	4	41	0	27	27	0	0
25	0	456.616506	144.179107	10.449508	301.987890	0	144.179107	424.784155	69	0	0	1	3	37	0	112	12	0	0
26	0	328.059451	128.182036	14.239047	185.638368	0	128.182036	509.730153	62	0	0	1	6	46	0	115	113	0	0
27	0	604.821981	209.972033	2.566077	392.283870	0	209.972033	409.711238	76	0	0	0	2	65	0	78	70	0	0
28	0	425.846240	130.185096	37.925599	257.735545	0	130.185096	441.489768	59	0	0	0	4	27	0	100	42	0	0
29	0	431.909188	117.929116	0	313.980072	0	117.929116	436.213592	65	0	0	0	5	48	0	108	3	0	0
30	0	725.336220	278.618027	73.346940	373.371254	0	278.618027	492.480973	91	0	0	1	7	82	0	115	49	0	0
31	0	563.431622	188.330410	36.979836	338.121376	0	188.330410	498.867249	74	0	0	1	3	65	0	106	36	0	0
32	0	524.834211	236.934250	0	287.899961	0	236.934250	444.403246	77	0	0	0	6	68	0	108	31	0	0
33	0	555.166641	240.960464	0	314.206176	0	240.960464	429.653723	70	0	0	1	2	56	0	115	20	0	0
34	0	625.224380	188.805846	102.850681	333.567852	0	188.805846	490.579396	76	0	0	0	5	64	0	112	99	0	0
35	0	337.461931	152.187945	12.600504	172.673482	0	152.187945	428.073222	57	0	0	0	1	44	0	115	30	0	0
36	0	511.383125	189.429313	126.564295	195.389518	0	189.429313	504.658514	69	0	0	0	4	33	0	112	104	0	0
37	0	593.011449	262.092148	0	330.919300	0	262.092148	449.764007	78	0	0	0	9	50	0	108	50	0	0
38	0	663.834922	201.991823	0	461.843099	0	201.991823	374.015665	71	0	0	0	2	39	0	27	23	0	0
39	0	525.530619	168.091697	47.617658	309.821264	0	168.091697	496.413375	78	0	0	1	10	72	0	108	108	0	0
40	0	359.486772	160.455205	0	199.031567	0	160.455205	456.386533	61	0	0	0	11	32	0	106	106	0	0
41	0	461.908737	134.754517	4.618623	322.535597	0	134.754517	466.902688	63	0	0	0	1	51	0	75	48	0	0
42	0	589.117598	210.958899	0	378.158699	0	210.958899	526.146708	84	0	0	3	10	78	0	108	108	0	0
43	0	535.972261	151.784585	0	384.187676	0	151.784585	474.413947	75	0	0	0	4	62	0	95	31	0	0
44	0	749.162037	288.680940	20.939345	439.541751	0	288.680940	525.428415	96	0	0	0	10	63	0	112	112	0	0
45	0	507.193612	259.873883	20.658674	226.661055	0	259.873883	471.406761	71	0	0	0	7	46	0	105	30	0	0
46	0	393.640288	135.181279	0	258.459010	0	135.181279	409.472146	57	0	0	1	5	33	0	27	27	0	0
47	0	542.396584	209.436753	73.072952	259.886879	0	209.436753	529.875459	78	0	0	0	10	72	0	112	112	0	0
48	0	487.551981	181.911122	0	305.640860	0	181.911122	460.797860	69	0	0	0	11	56	0	104	2	0	0
49	0	571.915042	194.731586	51.035009	326.148448	0	194.731586	471.958307	79	0	0	1	10	60	0	105	28	0	0
50	0	521.342239	211.797150	0	309.545089	0	211.797150	494.420038	82	0	0	0	14	52	0	75	67	0	0
51	0	471.691488	161.900543	1.701336	308.089610	0	161.900543	416.732442	60	0	0	0	1	27	0	77	77	0	0
52	0	323.003602	127.273941	0	195.729661	0	127.273941	410.797465	56	0	0	0	1	18	0	75	75	0	0
53	0	506.319761	179.346299	6.541200	320.432262	0	179.346299	462.942539	73	0	0	0	5	60	0	78	0	0	0
54	0	362.953737	116.169425	23.427608	223.356704	0	116.169425	459.369344	64	0	0	0	1	44	0	115	33	0	0
55	0	518.075477	191.318153	0	326.757325	0	191.318153	461.610785	79	0	0	1	9	63	0	105	5	0	0
56	0	383.217650	142.548064	0	240.669585	0	142.548064	449.444931	62	0	0	0	3	36	0	108	8	0	0
57	0	619.542363	149.739364	0	469.802999	0	149.739364	408.908518	66	0	0	1	2	53	0	104	104	0	0
58	0	390.282981	166.888318	3.708108	219.686556	0	166.888318	479.157267	68	0	0	2	3	58	0	105	105	0	0
59	0	270.208743	82.488614	0	187.720129	0	82.488614	406.929195	53	0	0	0	5	25	0	115	115	0	0

# aggregate (N=60, crashed=0)
mean_total_cost	508.313677
mean_distance_cost	179.767361
mean_delay_cost	17.478461
mean_earliness_cost	311.067854
mean_overtime_cost	0.000000
mean_km_driven	179.767361
mean_final_tau	461.142373
mean_decisions	71.333333
unserved_in_window	episodes=0/60	clients=0
unserved_overdue	episodes=0/60	clients=0
B1a_B1b_mid_arc_park	episodes=21/60	events=26	per_episode=0.433
B11_duplicate_assignment	episodes=60/60	transitions=306
B10_earliness_bin_partition	episodes=60/60	decisions=3179
B7_congestion_shorten	episodes=0/60	writes=0
B17_book_purge	final_book_size_total=5672	expired_at_end_total=3291
B14_money_without_counter	episodes=0/60	violations=0
B15_negative_cost_component	episodes=0/60	violations=0
B3_termination_charge_clock_independence	NOT_DIRECTLY_COUNTABLE	see unserved_in_window above (that demand is what B3 prices at zero pre-fix)

# structural checks (independent of seed)
B9_spread_wrong_depth	count=0	reached_total=675	pct=0.00
B9_spread_missed_entirely	count=0	genuinely_reachable_total=675	pct=0.00
B16_cadence_duration_30	fires_shipped=29	fires_intended=29	match
B16_cadence_duration_45	fires_shipped=9	fires_intended=9	match
B16_cadence_duration_50	fires_shipped=1	fires_intended=17	MISMATCH
B16_cadence_duration_60	fires_shipped=15	fires_intended=15	match
B16_cadence_duration_70	fires_shipped=2	fires_intended=12	MISMATCH
B16_cadence_duration_90	fires_shipped=9	fires_intended=9	match
B16_cadence_duration_120	fires_shipped=8	fires_intended=8	match
B16_cadence_duration_150	fires_shipped=5	fires_intended=5	match
B16_cadence_duration_180	fires_shipped=5	fires_intended=5	match
B16_cadence_duration_200	fires_shipped=1	fires_intended=4	MISMATCH
B16_cadence_duration_240	fires_shipped=4	fires_intended=4	match
