# 60-seed bench (vehicle_count=1, w=zero)
# n_seeds=60

seed	crashed	total_cost	distance_cost	delay_cost	earliness_cost	overtime_cost	km_driven	final_tau	decisions	unserved_in_window	unserved_overdue	mid_arc_park_violations	duplicate_assignment_transitions	earliness_bin_violations	congestion_shorten_violations	congestion_book_size_at_end	congestion_book_expired_at_end	negative_cost_component_violations	money_without_counter_violations
0	0	873.162094	132.533452	502.125230	238.503412	0	132.533452	754.517685	118	0	0	0	0	108	0	112	42	0	0
1	0	613.684637	117.706734	303.877269	192.100634	0	117.706734	652.848326	103	0	0	0	0	97	0	115	115	0	0
2	0	1606.853029	152.780407	1292.098365	161.974257	0	152.780407	866	126	0	5	1	0	126	0	112	112	0	0
3	0	5086.162181	313.698491	4311.164651	154.632373	306.666667	313.698491	1148	184	0	7	0	0	184	0	112	37	0	1
4	0	5005.096255	363.135008	4205	130.294579	306.666667	363.135008	1148	162	0	7	0	0	162	0	115	15	0	2
5	0	495.084872	134.474642	249.082666	111.527564	0	134.474642	658.956840	94	0	0	0	0	87	0	105	105	0	0
6	0	3966.667520	293.349514	3210.408975	156.242365	306.666667	293.349514	1148	180	0	5	0	0	180	0	115	40	0	1
7	0	3208.663670	297.049529	2748.103030	163.511111	0	297.049529	1142	174	0	4	1	0	174	0	115	7	0	0
8	0	270.705835	98.542199	62.325490	109.838145	0	98.542199	625.547074	82	0	0	0	0	77	0	112	67	0	0
9	0	2396.258473	295.874237	1571.330438	222.387131	306.666667	295.874237	1148	168	0	3	0	0	168	0	115	10	0	1
10	0	766.734448	142.079634	440.461261	184.193553	0	142.079634	758.704094	109	0	0	0	0	103	0	115	115	0	0
11	0	646.798207	140.028309	228.774108	277.995789	0	140.028309	694.979374	108	0	0	0	0	102	0	105	47	0	0
12	0	1543.206220	179.702578	1127.821143	235.682499	0	179.702578	908	133	0	4	1	0	133	0	115	41	0	0
13	0	1528.011782	117.930948	1195.115327	214.965507	0	117.930948	704	113	1	4	1	0	113	0	112	34	0	0
14	0	63.845162	8.744140	0	55.101022	0	8.744140	356	17	19	0	1	0	17	0	75	0	0	0
15	0	313.298902	93.678847	88.101918	131.518137	0	93.678847	635.610334	86	0	0	0	0	79	0	105	32	0	0
16	0	2796.674074	290.527276	2018.435120	181.045011	306.666667	290.527276	1148	170	0	3	0	0	170	0	115	30	0	1
17	0	3983.420400	243.882967	3255.717056	177.153710	306.666667	243.882967	1148	182	0	4	0	0	182	0	115	48	0	1
18	0	747.006530	103.917439	404.677317	238.411775	0	103.917439	630.667467	93	0	0	0	0	88	0	105	105	0	0
19	0	3262.368863	247.346088	2582.437907	125.918201	306.666667	247.346088	1148	170	0	4	0	0	170	0	115	40	0	1
20	0	3349.203393	243.910998	2617.070304	181.555424	306.666667	243.910998	1148	178	0	0	0	0	176	0	115	30	0	1
21	0	2036.869029	236.304844	1584.930971	215.633214	0	236.304844	1064	165	0	3	1	0	165	0	112	9	0	0
22	0	2121.246491	246.623262	1574.000657	96.819193	203.803379	246.623262	1024.564055	151	0	0	0	0	145	0	115	115	0	0
23	0	652.981589	36.059319	399.767476	217.154794	0	36.059319	482	60	5	3	1	0	60	0	113	46	0	0
24	0	3858.772652	277.023807	2999.695449	275.386729	306.666667	277.023807	1148	188	0	2	0	0	188	0	108	68	0	1
25	0	293.893682	27.748419	109.853100	156.292162	0	27.748419	482	60	5	2	1	0	60	0	112	12	0	0
26	0	402.922704	101.223721	152.007944	149.691039	0	101.223721	630.673690	81	0	0	0	0	73	0	115	94	0	0
27	0	714.484569	45.034030	434.503960	234.946580	0	45.034030	488	67	3	5	1	0	67	0	78	51	0	0
28	0	929.600294	102.351107	736.390732	90.858455	0	102.351107	662	82	2	3	1	0	82	0	115	42	0	0
29	0	763.167102	84.223758	453.512778	225.430566	0	84.223758	594.373130	87	0	0	0	0	83	0	108	108	0	0
30	0	102.858601	8.689272	1	93.169329	0	8.689272	362	20	21	1	1	0	20	0	73	0	0	1
31	0	2953.611331	285.401672	2225.480006	136.062986	306.666667	285.401672	1148	176	0	1	0	0	176	0	115	45	0	1
32	0	2955.209892	274.205913	2229.576962	144.760350	306.666667	274.205913	1148	182	0	3	0	0	182	0	112	37	0	1
33	0	4319.029670	253.293385	3664.282087	94.787531	306.666667	253.293385	1148	172	0	6	0	0	172	0	115	57	0	1
34	0	3148.569648	248.094218	2376.795305	217.013458	306.666667	248.094218	1148	172	0	4	0	0	172	0	112	7	0	1
35	0	52.846481	9.101111	0	43.745370	0	9.101111	362	20	11	0	1	0	20	0	106	56	0	0
36	0	4855.245130	273.054413	4187.542296	87.981755	306.666667	273.054413	1148	164	0	4	0	0	164	0	115	15	0	1
37	0	4898.950781	284.441962	4162.124892	145.717260	306.666667	284.441962	1148	176	0	6	0	0	176	0	115	0	0	1
38	0	2976.446953	279.638694	2168.510733	221.630859	306.666667	279.638694	1148	186	0	3	0	0	186	0	112	85	0	1
39	0	2996.422151	273.596701	2232.323757	183.835026	306.666667	273.596701	1148	176	0	3	0	0	176	0	115	41	0	1
40	0	1699.989916	252.892204	1304	143.097712	0	252.892204	884	123	0	3	1	0	123	0	115	115	0	1
41	0	392.373512	83.837655	81.733992	226.801866	0	83.837655	588.855832	80	0	0	0	0	73	0	75	48	0	0
42	0	420.492377	34.481203	210	176.011174	0	34.481203	506	62	6	2	1	0	62	0	108	24	0	1
43	0	1158.493184	125.142187	798.169590	235.181408	0	125.142187	740	109	0	3	1	0	109	0	112	37	0	0
44	0	3860.020800	301.377071	3017.239143	234.737919	306.666667	301.377071	1148	184	0	4	0	0	184	0	112	17	0	1
45	0	4437.512286	250.023528	3753.129943	127.692148	306.666667	250.023528	1148	166	0	6	0	0	166	0	115	0	0	1
46	0	2306.883602	305.602473	1571.669285	122.945177	306.666667	305.602473	1148	170	0	3	0	0	170	0	115	115	0	1
47	0	151.333686	16.750992	12	122.582694	0	16.750992	374	24	11	1	1	0	24	0	112	52	0	1
48	0	4402.166731	257.710141	3655.222001	182.567923	306.666667	257.710141	1148	168	0	5	0	0	168	0	115	15	0	1
49	0	1355.244997	117.086605	1112.504749	125.653642	0	117.086605	698	110	0	1	1	0	110	0	112	27	0	0
50	0	2471.875440	188.153561	2089.176403	64.412172	130.133304	188.153561	936.159965	150	0	0	0	0	140	0	108	33	0	0
51	0	2429.395776	258.120253	1681.959503	182.649353	306.666667	258.120253	1148	170	0	3	0	0	170	0	115	37	0	1
52	0	1210.324330	150.316143	942.637042	117.371145	0	150.316143	774.649992	113	0	0	0	0	107	0	108	100	0	0
53	0	162.098857	34.795633	64	63.303224	0	34.795633	428	37	11	2	1	0	37	0	78	0	0	1
54	0	291.687838	36.421018	163	92.266820	0	36.421018	452	45	5	2	1	0	45	0	115	10	0	1
55	0	958.517908	64.831784	727.886152	165.799972	0	64.831784	584	83	2	4	1	0	83	0	105	0	0	0
56	0	290.600099	62.808174	47.666297	180.125629	0	62.808174	550.166033	76	0	0	0	0	71	0	112	17	0	0
57	0	3190.030087	270.275917	2400.501061	212.586442	306.666667	270.275917	1148	176	0	4	0	0	176	0	115	45	0	1
58	0	3281.556142	277.803280	2872.438616	131.314246	0	277.803280	1112	163	0	4	1	0	163	0	112	112	0	0
59	0	318.860876	69.866290	148	100.994586	0	69.866290	506	56	2	3	1	0	56	0	115	99	0	1

# aggregate (N=60, crashed=0)
mean_total_cost	1972.424896
mean_distance_cost	175.254986
mean_delay_cost	1512.656008
mean_earliness_cost	161.392735
mean_overtime_cost	123.121167
mean_km_driven	175.254986
mean_final_tau	851.287898
mean_decisions	123.333333
unserved_in_window	episodes=14/60	clients=104
unserved_overdue	episodes=42/60	clients=149
B1a_B1b_mid_arc_park	episodes=22/60	events=22	per_episode=0.367
B11_duplicate_assignment	episodes=0/60	transitions=0
B10_earliness_bin_partition	episodes=60/60	decisions=7300
B7_congestion_shorten	episodes=0/60	writes=0
B17_book_purge	final_book_size_total=6560	expired_at_end_total=2863
B14_money_without_counter	episodes=30/60	violations=31
B15_negative_cost_component	episodes=0/60	violations=0
B3_termination_charge_clock_independence	NOT_DIRECTLY_COUNTABLE	see unserved_in_window above (that demand is what B3 prices at zero pre-fix)

# structural checks (independent of seed)
B9_spread_wrong_depth	count=0	reached_total=675	pct=0.00
B9_spread_missed_entirely	count=0	genuinely_reachable_total=675	pct=0.00
B16_cadence_duration_30	fires_shipped=29	fires_intended=29	match
B16_cadence_duration_45	fires_shipped=9	fires_intended=9	match
B16_cadence_duration_50	fires_shipped=1	fires_intended=17	MISMATCH
B16_cadence_duration_60	fires_shipped=15	fires_intended=15	match
B16_cadence_duration_70	fires_shipped=2	fires_intended=12	MISMATCH
B16_cadence_duration_90	fires_shipped=9	fires_intended=9	match
B16_cadence_duration_120	fires_shipped=8	fires_intended=8	match
B16_cadence_duration_150	fires_shipped=5	fires_intended=5	match
B16_cadence_duration_180	fires_shipped=5	fires_intended=5	match
B16_cadence_duration_200	fires_shipped=1	fires_intended=4	MISMATCH
B16_cadence_duration_240	fires_shipped=4	fires_intended=4	match
