# 60-seed bench (vehicle_count=None, w=zero)
# n_seeds=60

seed	crashed	total_cost	distance_cost	delay_cost	earliness_cost	overtime_cost	km_driven	final_tau	decisions	unserved_in_window	unserved_overdue	mid_arc_park_violations	duplicate_assignment_transitions	earliness_bin_violations	congestion_shorten_violations	congestion_book_size_at_end	congestion_book_expired_at_end	negative_cost_component_violations	money_without_counter_violations
0	0	529.499659	182.492088	0	347.007570	0	182.492088	427.508329	67	0	0	0	0	53	0	72	45	0	0
1	0	571.222535	233.432675	0	337.789860	0	233.432675	443.862130	73	0	0	0	0	63	0	105	105	0	0
2	0	569.108947	206.127066	0	362.981881	0	206.127066	514.568440	81	0	0	1	0	67	0	99	35	0	0
3	0	714.250578	261.880275	0.404521	451.965782	0	261.880275	440.560831	87	0	0	1	0	68	0	99	72	0	0
4	0	512.028273	192.627540	77.311798	242.088934	0	192.627540	501.991667	73	0	0	1	0	54	0	111	54	0	0
5	0	402.021211	134.329610	0	267.691601	0	134.329610	413.906739	56	0	0	0	0	45	0	99	99	0	0
6	0	517.964209	189.644967	0	328.319242	0	189.644967	468.529332	83	0	0	0	0	66	0	108	30	0	0
7	0	527.366715	168.300716	0	359.065999	0	168.300716	391.296840	61	0	0	0	0	52	0	0	0	0	0
8	0	347.661487	158.302566	0	189.358921	0	158.302566	469.337651	58	0	0	1	0	40	0	106	79	0	0
9	0	492.533919	144.909601	10.465753	337.158566	0	144.909601	462.193132	64	0	0	0	0	45	0	78	23	0	0
10	0	403.071900	121.788757	0	281.283143	0	121.788757	452.093340	61	0	0	0	0	47	0	105	27	0	0
11	0	580.564387	143.312167	0	437.252220	0	143.312167	390.893224	61	0	0	0	0	51	0	72	65	0	0
12	0	571.449352	162.959842	0	408.489511	0	162.959842	407.315303	62	0	0	0	0	51	0	78	78	0	0
13	0	644.752831	260.236070	6.853520	377.663240	0	260.236070	478.686410	92	0	0	0	0	80	0	106	29	0	0
14	0	503.218817	144.814883	8.000174	350.403760	0	144.814883	415.862875	70	0	0	0	0	60	0	72	72	0	0
15	0	342.455938	110.076050	0	232.379888	0	110.076050	403.375743	50	0	0	0	0	42	0	67	67	0	0
16	0	470.924194	155.887477	1.683720	313.352998	0	155.887477	409.831341	58	0	0	0	0	50	0	67	67	0	0
17	0	589.671685	178.557043	0	411.114642	0	178.557043	492.084026	87	0	0	0	0	58	0	112	15	0	0
18	0	627.924109	206.242058	109.324963	312.357087	0	206.242058	496.147639	74	0	0	1	0	65	0	102	65	0	0
19	0	465.777140	192.911559	30.020605	242.844976	0	192.911559	496.092782	74	0	0	1	0	46	0	106	104	0	0
20	0	428.311036	168.100557	0.152485	260.057994	0	168.100557	460.208328	68	0	0	1	0	44	0	67	0	0	0
21	0	517.259864	151.001459	0	366.258405	0	151.001459	408.112565	67	0	0	0	0	61	0	67	67	0	0
22	0	322.231156	118.928967	0	203.302189	0	118.928967	477.947501	63	0	0	0	0	44	0	112	77	0	0
23	0	569.450187	213.748403	2.286309	353.415475	0	213.748403	454.013359	76	0	0	1	0	64	0	110	0	0	0
24	0	659.463528	178.258456	0	481.205073	0	178.258456	398.709237	75	0	0	0	0	41	0	27	27	0	0
25	0	469.315602	155.420665	11.780717	302.114220	0	155.420665	434.170391	71	0	0	1	0	37	0	106	9	0	0
26	0	305.197813	120.576530	0	184.621283	0	120.576530	508.681982	62	0	0	1	0	46	0	112	110	0	0
27	0	607.446139	209.972033	5.080518	392.393588	0	209.972033	409.640116	76	0	0	0	0	64	0	78	67	0	0
28	0	403.474496	108.715238	31.407762	263.351496	0	108.715238	439.318546	58	0	0	0	0	25	0	94	42	0	0
29	0	440.300730	127.328823	0	312.971907	0	127.328823	476.623937	71	0	0	1	0	49	0	108	6	0	0
30	0	719.014373	273.492683	72.150436	373.371254	0	273.492683	480.270641	89	0	0	1	0	79	0	112	46	0	0
31	0	521.359237	170.016142	13.221719	338.121376	0	170.016142	465.145821	69	0	0	1	0	57	0	106	39	0	0
32	0	516.787672	224.958966	0	291.828706	0	224.958966	432.574213	75	0	0	0	0	58	0	105	28	0	0
33	0	555.415561	240.919133	0	314.496428	0	240.919133	429.653723	70	0	0	1	0	56	0	112	23	0	0
34	0	672.132171	206.963013	136.278747	328.890411	0	206.963013	503.268127	78	0	0	0	0	70	0	106	106	0	0
35	0	408.750217	176.071603	64.951546	167.727069	0	176.071603	485.161247	65	0	0	1	0	52	0	112	33	0	0
36	0	510.731600	185.649262	126.564295	198.518043	0	185.649262	504.658514	69	0	0	0	0	35	0	106	98	0	0
37	0	581.732408	250.087167	0	331.645241	0	250.087167	433.998092	75	0	0	0	0	50	0	105	53	0	0
38	0	662.740291	200.897191	0	461.843099	0	200.897191	374.015665	71	0	0	0	0	39	0	27	23	0	0
39	0	544.213290	173.150769	53.351285	317.711235	0	173.150769	493.893871	77	0	0	1	0	70	0	105	105	0	0
40	0	322.334573	117.036327	0	205.298246	0	117.036327	394.425503	51	0	0	0	0	31	0	67	67	0	0
41	0	461.979981	134.754517	4.618623	322.606841	0	134.754517	466.902688	63	0	0	0	0	51	0	72	45	0	0
42	0	574.840114	188.769017	0	386.071096	0	188.769017	493.800635	78	0	0	3	0	70	0	105	5	0	0
43	0	545.785410	155.256760	0	390.528650	0	155.256760	466.325754	74	0	0	0	0	62	0	89	31	0	0
44	0	700.030541	259.679944	0	440.350597	0	259.679944	482.031434	89	0	0	0	0	62	0	106	34	0	0
45	0	505.683020	256.122216	20.658674	228.902131	0	256.122216	457.646504	68	0	0	0	0	46	0	102	30	0	0
46	0	385.952311	125.940579	0	260.011732	0	125.940579	401.296409	57	0	0	0	0	33	0	27	27	0	0
47	0	587.197789	193.992015	123.060762	270.145012	0	193.992015	504.099290	74	0	0	0	0	68	0	106	106	0	0
48	0	483.629009	175.666065	0	307.962944	0	175.666065	469.048113	70	0	0	0	0	59	0	99	2	0	0
49	0	556.114751	207.527734	23.309602	325.277414	0	207.527734	466.485051	78	0	0	1	0	53	0	99	28	0	0
50	0	523.592743	211.966607	0	311.626136	0	211.966607	494.273680	82	0	0	0	0	50	0	72	64	0	0
51	0	515.612492	173.905524	33.169600	308.537368	0	173.905524	455.925973	66	0	0	0	0	30	0	106	7	0	0
52	0	323.117232	127.273941	0	195.843291	0	127.273941	410.782236	56	0	0	0	0	18	0	72	72	0	0
53	0	505.558197	179.346299	5.233757	320.978142	0	179.346299	449.011747	71	0	0	0	0	57	0	78	0	0	0
54	0	363.561351	116.169425	23.427608	223.964318	0	116.169425	455.442649	63	0	0	0	0	42	0	112	36	0	0
55	0	531.505321	203.335503	0	328.169818	0	203.335503	460.736673	79	0	0	1	0	63	0	99	5	0	0
56	0	374.824189	133.777302	0	241.046887	0	133.777302	446.271330	62	0	0	0	0	36	0	105	8	0	0
57	0	623.694889	153.761313	0	469.933575	0	153.761313	408.615813	66	0	0	1	0	58	0	99	99	0	0
58	0	390.366151	169.695722	3.708108	216.962321	0	169.695722	483.857717	69	0	0	2	0	62	0	99	99	0	0
59	0	271.443967	82.740562	0	188.703404	0	82.740562	405.912773	53	0	0	0	0	24	0	112	112	0	0

# aggregate (N=60, crashed=0)
mean_total_cost	505.760321
mean_distance_cost	176.163457
mean_delay_cost	16.641293
mean_earliness_cost	312.955571
mean_overtime_cost	0.000000
mean_km_driven	176.163457
mean_final_tau	451.984927
mean_decisions	69.766667
unserved_in_window	episodes=0/60	clients=0
unserved_overdue	episodes=0/60	clients=0
B1a_B1b_mid_arc_park	episodes=21/60	events=24	per_episode=0.400
B11_duplicate_assignment	episodes=0/60	transitions=0
B10_earliness_bin_partition	episodes=60/60	decisions=3119
B7_congestion_shorten	episodes=0/60	writes=0
B17_book_purge	final_book_size_total=5467	expired_at_end_total=2967
B14_money_without_counter	episodes=0/60	violations=0
B15_negative_cost_component	episodes=0/60	violations=0
B3_termination_charge_clock_independence	NOT_DIRECTLY_COUNTABLE	see unserved_in_window above (that demand is what B3 prices at zero pre-fix)

# structural checks (independent of seed)
B9_spread_wrong_depth	count=38	reached_total=635	pct=5.98
B9_spread_missed_entirely	count=40	genuinely_reachable_total=675	pct=5.93
B16_cadence_duration_30	fires_shipped=29	fires_intended=29	match
B16_cadence_duration_45	fires_shipped=9	fires_intended=9	match
B16_cadence_duration_50	fires_shipped=1	fires_intended=17	MISMATCH
B16_cadence_duration_60	fires_shipped=15	fires_intended=15	match
B16_cadence_duration_70	fires_shipped=2	fires_intended=12	MISMATCH
B16_cadence_duration_90	fires_shipped=9	fires_intended=9	match
B16_cadence_duration_120	fires_shipped=8	fires_intended=8	match
B16_cadence_duration_150	fires_shipped=5	fires_intended=5	match
B16_cadence_duration_180	fires_shipped=5	fires_intended=5	match
B16_cadence_duration_200	fires_shipped=1	fires_intended=4	MISMATCH
B16_cadence_duration_240	fires_shipped=4	fires_intended=4	match
